0 71.44
10 70.63
20 70.56
30 70
40 69.63
50 69.63
60 69.63
70 69.06
80 69
90 68.5
100 68.5
110 68.13
120 67.81
130 67.75
140 67.38
150 67.25
160 66.69
170 66.5
180 65.94
190 64.69
200 64.69
210 64.69
220 64.69
230 64.69
240 64.69
250 64.69
260 64.69
270 64.69
280 64.69
290 64
300 63.69
310 63.44
320 63.25
330 62.94
340 62.63
350 62.5
360 62.38
370 61.94
380 61.94
390 61.5
400 61.31
410 61.19
420 60.88
430 60.5
440 60.44
450 60.44
460 60.13
470 59.81
480 59.63
490 59.19
500 58.88
510 58.88
520 58.88
530 58.81
540 58.44
550 58.13
560 58.13
570 57.63
580 57.63
590 57.56
600 57.06
610 57
620 56.81
630 56.38
640 56.06
650 55.56
660 55.56
670 55.56
680 55.56
690 55.56
700 55.56
710 55.56
720 55.13
730 54.88
740 54.56
750 54.38
760 54.19
770 54.06
780 54.06
790 53.69
800 53.44
810 53.44
820 53.44
830 53.06
840 52.88
850 52.63
860 52.25
870 52
880 51.94
890 51.94
900 51.94
910 51.94
920 51.69
930 51.38
940 51.25
950 51.13
960 50.81
970 50.81
980 50.63
990 50.31
1000 50
1010 49.94
1020 49.94
1030 49.94
1040 49.81
1050 49.5
1060 49.25
1070 49.25
1080 48.94
1090 48.69
1100 48.69
1110 48.69
1120 48.56
1130 48.31
1140 48.19
1150 47.88
1160 47.88
1170 47.88
1180 47.69
1190 47.44
1200 47.25
1210 47.25
1220 47.06
1230 46.81
1240 46.81
1250 46.69
1260 46.31
1270 46.31
1280 46.13
1290 45.88
1300 45.69
1310 45.63
1320 45.38
1330 45.06
1340 44.69
1350 43.38
1360 43.38
1370 43.38
1380 43.38
1390 43.38
1400 43.38
1410 43.38
1420 43.38
1430 43.38
1440 43.38
1450 43.38
1460 43.38
1470 43.38
1480 43.38
1490 43.38
1500 43.38
1510 43.38
1520 43.38
1530 43.38
1540 43.38
1550 43.38
1560 43.38
1570 43.38
1580 43.38
1590 43.38
1600 43.19
1610 42.81
1620 42.63
1630 42.44
1640 42.31
1650 42.19
1660 42.06
1670 41.94
1680 41.81
1690 41.69
1700 41.56
1710 41.5
1720 41.38
1730 41.25
1740 41.13
1750 41.06
1760 40.94
1770 40.81
1780 40.69
1790 40.69
1800 40.5
1810 40.44
1820 40.31
1830 40.19
1840 40.13
1850 40.13
1860 39.94
1870 39.81
1880 39.69
1890 39.69
1900 39.69
1910 39.5
1920 39.31
1930 39.19
1940 39.13
1950 39.13
1960 39.13
1970 39
1980 38.81
1990 38.69
2000 38.56
2010 38.38
2020 38.38
2030 38.38
2040 38.38
2050 38.38
2060 38.25
2070 38.06
2080 37.94
2090 37.88
2100 37.69
2110 37.69
2120 37.44
2130 37.31
2140 37.31
2150 37.31
2160 37.31
2170 37.31
2180 37.31
2190 37.31
2200 37.06
2210 36.94
2220 36.81
2230 36.75
2240 36.63
2250 36.56
2260 36.56
2270 36.5
2280 36.31
2290 36.25
2300 36.13
2310 36
2320 35.75
2330 35.63
2340 35.63
2350 35.63
2360 35.63
2370 35.63
2380 35.63
2390 35.63
2400 35.63
2410 35.63
2420 35.5
2430 35.38
2440 35.31
2450 35.19
2460 35.06
2470 35
2480 34.94
2490 34.88
2500 34.88
2510 34.69
2520 34.63
2530 34.5
2540 34.38
2550 34.38
2560 34.38
2570 34.38
2580 34.38
2590 34.25
2600 34.19
2610 34.13
2620 33.94
2630 33.88
2640 33.94
2650 33.81
2660 33.69
2670 33.63
2680 33.56
2690 33.44
2700 33.31
2710 33.25
2720 33
2730 32.69
2740 32.69
2750 32.69
2760 32.69
2770 32.69
2780 32.69
2790 32.69
2800 32.69
2810 32.69
2820 32.69
2830 32.69
2840 32.69
2850 32.69
2860 32.69
2870 32.69
2880 32.69
2890 32.69
2900 32.69
2910 32.5
2920 32.38
2930 32.31
2940 32.25
2950 32.19
2960 32.13
2970 32.06
2980 32
2990 31.94
3000 31.88
3010 31.81
3020 31.75
3030 31.69
3040 31.63
3050 31.63
3060 31.63
3070 31.44
3080 31.44
3090 31.38
3100 31.25
3110 31.19
3120 31.19
3130 31.19
3140 31.19
3150 31.19
3160 31.19
3170 31.06
3180 31
3190 30.94
3200 30.81
3210 30.75
3220 30.69
3230 30.63
3240 30.56
3250 30.5
3260 30.31
3270 30.25
3280 30.25
3290 30.25
3300 30.25
3310 30.25
3320 30.25
3330 30.25
3340 30.25
3350 30.25
3360 30.25
3370 30.25
3380 30.25
3390 30.25
3400 30.13
3410 30.06
3420 30
3430 29.94
3440 29.81
3450 29.81
3460 29.75
3470 29.69
3480 29.63
3490 29.63
3500 29.63
3510 29.5
3520 29.44
3530 29.44
3540 29.38
3550 29.31
3560 29.19
3570 29.13
3580 29.19
3590 29.19
3600 29.19
3610 29.19
3620 29.19
3630 29.19
3640 29.19
3650 29.19
3660 29.06
3670 29
3680 28.94
3690 28.88
3700 28.81
3710 28.81
3720 28.69
3730 28.69
3740 28.63
3750 28.56
3760 28.56
3770 28.56
3780 28.56
3790 28.56
3800 28.56
3810 28.56
3820 28.5
3830 28.44
3840 28.31
3850 28.31
3860 28.25
3870 28.19
3880 28.13
3890 28.13
3900 28.06
3910 28
3920 27.94
3930 27.88
3940 27.88
3950 27.88
3960 27.88
3970 27.88
3980 27.81
3990 27.75
4000 27.69
4010 27.63
