1.051447933557599990e-03
9.999990568868794005e-01
-6.035222345738939370e-02
9.999993279557118919e-01
2.525082047878831476e-02
9.999989731525197323e-01
4.363309474228154183e-01
9.999908268561763514e-01
-3.674484375385901336e-01
-3.800280173508130410e-02
-4.362363063758576409e-01
-1.797296646902995787e-01
2.491748943973002769e-02
9.992597020075891789e-01
-6.951516882145425749e-03
9.986336376027692419e-01
1.860465676436691765e-03
9.972477623155535653e-01
-5.331920796232664629e-04
9.944415926044872789e-01
1.683344431792171113e-04
9.876675621660198079e-01
-4.368286718847114408e-05
9.737324336408886838e-01
1.241044983868026185e-05
9.588237759325838327e-01
-4.131445060976459933e-06
9.295132426766224976e-01
1.188592206833135505e-06
8.703101041789436110e-01
-3.659371764524782569e-07
8.475892647606900754e-01
1.225032014092858004e-07
7.792173497928207571e-01
-3.138146723907708244e-08
7.141846054240106323e-01
1.036085167811651335e-08
7.179128602802783421e-01
-3.012837943576512283e-09
6.298286918818999380e-01
7.848145552791848576e-10
6.069789306579045363e-01
-2.388045475124825529e-10
6.051807745273920514e-01
7.459286540207338392e-11
5.357027598125733148e-01
-6.581440832517977558e-12
5.041871530289245840e-01
1.580699679366006427e-11
5.001835817005246820e-01
1.498772011099387368e-11
4.680550836557876293e-01
1.868107512785787329e-11
4.362599209186620586e-01
2.264537631908343525e-11
4.426997030999093585e-01
3.175016613999313812e-11
4.099377249528481926e-01
3.405728451918311593e-11
3.806950840350881160e-01
4.235476613264797488e-11
3.855846751815876772e-01
4.999929829001905197e-11
3.855821346454491594e-01
7.005145379095113415e-11
3.577502188954469475e-01
6.526737874335778351e-11
3.551552623204933257e-01
9.550193882575619516e-11
3.625250210329753475e-01
1.047180427171979888e-10
3.503936677727599869e-01
1.324193308195148529e-10
3.516968003883684801e-01
1.678808996891630990e-10
3.404984284348853141e-01
1.690749235411608363e-10
3.390355264744403518e-01
2.147186253225374542e-10
3.450905609320197298e-01
2.657333138034647911e-10
3.406931071316094961e-01
2.973545838590923378e-10
3.388327728350795098e-01
3.535006964888440530e-10
3.403246278591867124e-01
4.361889621971903746e-10
3.391035201715288383e-01
4.876901760011753166e-10
3.393019770504541732e-01
6.343129873731008528e-10
3.387171017780568061e-01
6.719502358618490479e-10
3.373805024166721123e-01
7.648289937725352169e-10
3.390014996741497755e-01
9.779705316770131197e-10
3.391856164640404403e-01
1.128697507028782246e-09
3.384301302784905041e-01
1.269992379341329860e-09
3.384905528610194780e-01
1.471702514013452837e-09
3.387473553025922568e-01
1.740165889890576301e-09
3.388998351418114341e-01
2.034259631565723208e-09
3.388351990653836188e-01
2.340804516054016257e-09
3.388472059313355489e-01
2.761312943015286867e-09
3.389737362763949324e-01
3.077118264535087939e-09
3.388435034722211969e-01
3.471857522976461533e-09
3.389131816022690202e-01
4.066219228277957749e-09
3.390870113647095341e-01
4.738267235689628132e-09
3.390655180863348384e-01
5.398457654571208581e-09
3.390555214906164627e-01
5.896207136446662385e-09
3.390415993531497030e-01
7.010421763112111395e-09
3.390837279406699323e-01
7.585443336767265471e-09
3.391293211986577405e-01
8.965111054960664374e-09
3.391193160449895161e-01
9.763886486608722604e-09
3.391377657464983986e-01
1.127802559480769964e-08
3.391481004489519946e-01
1.121509307579257400e-08
3.391582394328681582e-01
1.251341094177249147e-08
3.391465416306326253e-01
1.251342640939170566e-08
3.391651167026488167e-01
1.199969916038187684e-08
3.391737269168530466e-01
1.057856272798063776e-08
3.391754586349197131e-01
1.003242991157796083e-08
3.391762153486924669e-01
7.884227348494167492e-09
3.391869748339068069e-01
6.777475865766422681e-09
3.391854661993160547e-01
5.277368074562242115e-09
3.391898943307600778e-01
4.384045480318299616e-09
3.391911860408863277e-01
3.220661531762886818e-09
3.391943223475126223e-01
2.771206902638492568e-09
3.391915313411054123e-01
2.259885868766259440e-09
3.391952960589189048e-01
1.598583940013463450e-09
3.391976603161498405e-01
1.395873095978758248e-09
3.391959779627189420e-01
1.126311861228535082e-09
3.391975278427410423e-01
9.187900613200812513e-10
3.391980607156546701e-01
7.581436993660413036e-10
3.391986733575190760e-01
6.102953708932366758e-10
3.391991724149158727e-01
5.178884272662458236e-10
3.391991085582865550e-01
4.598276542576913240e-10
3.391990664693327884e-01
4.085620026613819148e-10
3.391994249780983517e-01
3.265879107495510582e-10
3.391997875500917248e-01
2.848476173469397290e-10
3.391996603918895903e-01
2.585491037292734028e-10
3.391997220767853372e-01
2.172364729861208307e-10
3.391998227923528897e-01
1.974290987538259707e-10
3.391997896425219539e-01
1.717770139225800778e-10
3.391998783176865540e-01
1.435522499640824005e-10
3.391998974727211680e-01
1.291358216802032749e-10
3.391998805702049480e-01
1.106266861595151216e-10
3.391999257813189117e-01
9.054289976771186280e-11
3.391999367093956330e-01
7.929437693530189220e-11
3.391999383765223475e-01
6.330841034345963218e-11
3.391999561906089977e-01
5.375763682266475172e-11
3.391999598190402754e-01
4.127761178565745364e-11
3.391999701424995295e-01
3.449560511752433490e-11
3.391999773351667691e-01
2.288294209905269547e-11
3.391999892033934483e-01
1.768355214589741776e-11
3.391999892854743459e-01
1.152596681288277519e-11
3.391999966769931874e-01
6.524620107524810513e-12
3.392000002209215048e-01
2.588777802593363635e-12
3.392000012941436271e-01
2.308799929584722221e+01
1.581565256797138019e+01
-4.939815255725551246e+00
1.912546185702344559e+01
2.350629520652231719e+01
1.772898082608356418e+01
-4.916008996740320214e+00
2.133747946267359197e+01
2.537027166989677696e+01
1.877172477705958542e+01
-6.597268196791055139e+00
2.738097195983351995e+01
2.916044669492763219e+01
2.000008129933742396e+01
-5.356095619823941334e+00
8.072139740630575488e+01
2.909684021298286538e+01
2.026496662619841516e+01
1.500501285704149446e+01
1.924381990438529044e+01
2.917796025984747388e+01
2.064663303485472667e+01
6.768209085210123988e+00
2.048834190806629252e+01
2.927432484359142251e+01
2.026478962415712459e+01
-2.893662856570658359e+00
1.747170377383762485e+01
2.779508249784777618e+01
1.945676401698988300e+01
-2.403239543686508828e+00
1.738602536467108450e+01
2.646652803104962359e+01
1.840770481045743878e+01
-2.539379875068851877e+00
1.729894432939811111e+01
2.504388768165776469e+01
1.738875696925175873e+01
-2.501741869401369556e+00
1.714323762977815946e+01
2.365126753786801928e+01
1.636401269694308880e+01
-2.512399232627108514e+00
1.687253071016099426e+01
2.238670442030191055e+01
1.544052244451213340e+01
-2.509352076738521120e+00
1.649134606707742989e+01
2.105505638446118866e+01
1.446589772543031138e+01
-2.510185402211934313e+00
1.594346489279445578e+01
1.972954189296509497e+01
1.349633910954218230e+01
-2.509949790991734542e+00
1.510795227102391181e+01
1.857312648319275894e+01
1.265032906382663924e+01
-2.510018223890225553e+00
1.414851424212742437e+01
1.744485270045372616e+01
1.182494697304691478e+01
-2.509999015582691229e+00
1.330483594849759044e+01
1.639555761214809593e+01
1.105733092807810891e+01
-2.510004515395910740e+00
1.221160582597878630e+01
1.550012916388192075e+01
1.040227915955463267e+01
-2.510002944231935817e+00
1.140210377896489824e+01
1.455449637361392234e+01
9.710499572851263750e+00
-2.510003369281059271e+00
1.076935693087296642e+01
1.373921321362135473e+01
9.114077698691811946e+00
-2.510003248291683420e+00
9.867196949951875240e+00
1.297968585583388190e+01
8.558444035580539122e+00
-2.510003281068179160e+00
9.377599084280749508e+00
1.220316650009264237e+01
7.990379857592689206e+00
-2.510003272339215830e+00
8.835974109656053344e+00
1.153188598316848790e+01
7.499303344719825404e+00
-2.510003274635310699e+00
8.167666015938991109e+00
1.090279106949926557e+01
7.039087789208944734e+00
-2.510003273963175463e+00
7.777716060990912617e+00
1.027764679748041132e+01
6.581762332680800576e+00
-2.510003274022106545e+00
7.460298760782512417e+00
9.681383163269901004e+00
6.145564560491184380e+00
-2.510003273887107422e+00
7.071701301916240467e+00
9.134891860977745637e+00
5.745777830315256018e+00
-2.510003273769790599e+00
6.784168024791330076e+00
8.586401458501054407e+00
5.344528654563452719e+00
-2.510003273623028441e+00
6.590319352344136128e+00
8.057348581996292225e+00
4.957499037017734089e+00
-2.510003273451427042e+00
6.307551213881664509e+00
7.586007280514149187e+00
4.612688429567378456e+00
-2.510003273237077170e+00
6.145352160405514574e+00
7.084850729680747250e+00
4.246066420715991718e+00
-2.510003272992605616e+00
6.079700622011966260e+00
6.590790910643008260e+00
3.884636039028992460e+00
-2.510003272692879150e+00
5.970764591470759441e+00
6.106763227797792126e+00
3.530544685034724850e+00
-2.510003272346240877e+00
5.833976861347074383e+00
5.666424435668900195e+00
3.208414020244285236e+00
-2.510003271904417410e+00
5.804150559743703752e+00
5.155331276123155781e+00
2.834522865625014099e+00
-2.510003271426624494e+00
5.774079830145505632e+00
4.702845124771712904e+00
2.503505776830453389e+00
-2.510003270807668052e+00
5.705348204689609126e+00
4.236373078933662661e+00
2.162257280339168197e+00
-2.510003270108001505e+00
5.675060271903488385e+00
3.790689867090585530e+00
1.836216893656217763e+00
-2.510003269262681691e+00
5.632569394944593633e+00
3.364551874618573191e+00
1.524474848119550918e+00
-2.510003268237987140e+00
5.631234985997819464e+00
2.884981229654675516e+00
1.173644044895103544e+00
-2.510003267076605038e+00
5.636699126001845528e+00
2.423828075739496324e+00
8.362865908084851085e-01
-2.510003265658338645e+00
5.614239641801209935e+00
1.981590955509567653e+00
5.127671955563660733e-01
-2.510003263975105092e+00
5.607348729006253585e+00
1.521957314920553861e+00
1.765213418968184234e-01
-2.510003262017478587e+00
5.607259974308907324e+00
1.062617855806080369e+00
-1.595093042731952349e-01
-2.510003259691706123e+00
5.600005180304852281e+00
6.213567420985204315e-01
-4.823147045592969806e-01
-2.510003256934853155e+00
5.596840481974277637e+00
1.627856693022467771e-01
-8.177832401843105892e-01
-2.510003253731580841e+00
5.591760499379032190e+00
-2.601926971163917579e-01
-1.127213866454063185e+00
-2.510003249888627330e+00
5.588457927682442872e+00
-7.183519359710632823e-01
-1.462381129595851759e+00
-2.510003245479050182e+00
5.590364263872801054e+00
-1.193993172470210862e+00
-1.810337384916624215e+00
-2.510003240268456892e+00
5.584802512908036753e+00
-1.633898145545082281e+00
-2.132150712331227993e+00
-2.510003234106366943e+00
5.577478779937941944e+00
-2.073283050044128828e+00
-2.453583587082784678e+00
-2.510003227002969517e+00
5.571779962516582252e+00
-2.529695978565341452e+00
-2.787473351090442364e+00
-2.510003218700594285e+00
5.564064802843201818e+00
-2.985354558895155552e+00
-3.120811276516000987e+00
-2.510003209095471810e+00
5.553144300733530159e+00
-3.439974667718904033e+00
-3.453389513438009928e+00
-2.510003197764097305e+00
5.538705464398317346e+00
-3.875876835983568913e+00
-3.772274612135407157e+00
-2.510003185063073516e+00
5.521658429595863282e+00
-4.327610723485834754e+00
-4.102741446262298197e+00
-2.510003169917309762e+00
5.499488637533231916e+00
-4.760035168000684713e+00
-4.419082429308734739e+00
-2.510003152814431981e+00
5.472394940496650761e+00
-5.190102171587681390e+00
-4.733698833603747325e+00
-2.510003133859439295e+00
5.439474844814617072e+00
-5.651301350710179250e+00
-5.071090060086500984e+00
-2.510003110924700742e+00
5.394930212136568315e+00
-6.091386670707534812e+00
-5.393035415172883873e+00
-2.510003085293378344e+00
5.340819309346899857e+00
-6.509905791798225039e+00
-5.699203988899309792e+00
-2.510003056889464901e+00
5.277075069605011493e+00
-6.922876125546479464e+00
-6.001313354412429746e+00
-2.510003024957040640e+00
5.199645077318534092e+00
-7.329129265411509664e+00
-6.298508762552952334e+00
-2.510002990647666632e+00
5.106228771534479627e+00
-7.758763543555941666e+00
-6.612808721305605708e+00
-2.510002947507046223e+00
4.984367195076132795e+00
-8.146454912016411143e+00
-6.896425272070593415e+00
-2.510002905384906668e+00
4.849585600296038912e+00
-8.537404502385518512e+00
-7.182425410823066514e+00
-2.510002855183055104e+00
4.684987914594813674e+00
-8.899601795069953525e+00
-7.447391763328259806e+00
-2.510002804529351206e+00
4.501678000033297877e+00
-9.259889668794533790e+00
-7.710961305860909221e+00
-2.510002746328948486e+00
4.284529004524791240e+00
-9.575751916841817035e+00
-7.942031191376795363e+00
-2.510002695589718336e+00
4.060909701088921686e+00
-9.897919578298230547e+00
-8.177713846200724390e+00
-2.510002637846506790e+00
3.796146509733574259e+00
-1.019756968606879255e+01
-8.396923747207946320e+00
-2.510002584139125137e+00
3.512337798369534969e+00
-1.047338365182112341e+01
-8.598696271084534715e+00
-2.510002536733495049e+00
3.215807901075611319e+00
-1.071542081555493553e+01
-8.775759290837180870e+00
-2.510002500060023234e+00
2.925735825033576099e+00
-1.095120848367670696e+01
-8.948250485870126170e+00
-2.510002466177910119e+00
2.615426821245571798e+00
-1.114634117003305747e+01
-9.091000411938672698e+00
-2.510002444141931299e+00
2.338246167774380879e+00
-1.132675025624635623e+01
-9.222979247734794939e+00
-2.510002426628570760e+00
2.066958127325609684e+00
-1.148006299856885626e+01
-9.335135671058786500e+00
-2.510002415039764401e+00
1.827117291646644048e+00
-1.162045339882573103e+01
-9.437838716170798392e+00
-2.510002406224091764e+00
1.602691444983596503e+00
-1.173464056792918875e+01
-9.521372705131863512e+00
-2.510002400956580892e+00
1.419399783546246407e+00
-1.184372607005505706e+01
-9.601174554074459522e+00
-2.510002396626668464e+00
1.246599429844206686e+00
-1.194316332923691348e+01
-9.673918200503525355e+00
-2.510002393407980481e+00
1.094131820080572526e+00
-1.202150574840220365e+01
-9.731229849225149664e+00
-2.510002391614173156e+00
9.797983300743041690e-01
-1.209743220906196193e+01
-9.786774095918586269e+00
-2.510002390096136349e+00
8.760197258249624586e-01
-1.216561869579469857e+01
-9.836656139901434059e+00
-2.510002388996116274e+00
7.904791688465921951e-01
-1.222744952918505135e+01
-9.881888685297152364e+00
-2.510002388182415167e+00
7.205167389501266895e-01
-1.228409807847955193e+01
-9.923330114122730805e+00
-2.510002387567261906e+00
6.636575913714912733e-01
-1.233459650051874767e+01
-9.960272397569408298e+00
-2.510002387125832346e+00
6.192758126418567155e-01
-1.238193615654328283e+01
-9.994903875581249153e+00
-2.510002386774672356e+00
5.832371981685420259e-01
-1.242846036576618474e+01
-1.002893881087815942e+01
-2.510002386468252578e+00
5.530225378398373470e-01
-1.247442952402295191e+01
-1.006256769686994268e+01
-2.510002386199241986e+00
5.280107188344991265e-01
-1.251529078213370560e+01
-1.009245988204778044e+01
-2.510002386008100661e+00
5.095200031687655562e-01
-1.255484229488496695e+01
-1.012139391879292027e+01
-2.510002385846731077e+00
4.946484005053220501e-01
-1.259486253142553025e+01
-1.015067085194718999e+01
-2.510002385698526517e+00
4.822776344367028512e-01
-1.263248611057835724e+01
-1.017819450266430259e+01
-2.510002385581458384e+00
4.727769739569377405e-01
-1.267090417324490836e+01
-1.020629936036546148e+01
-2.510002385472818620e+00
4.648892887166868326e-01
-1.270874440533146377e+01
-1.023398150424682740e+01
-2.510002385379715761e+00
4.586259315622893684e-01
-1.274469581652603978e+01
-1.026028187511418466e+01
-2.510002385305794892e+00
4.538258405297324050e-01
-1.278172676877393066e+01
-1.028737198772633832e+01
-2.510002385237299016e+00
4.498473795540906539e-01
-1.281846629492620693e+01
-1.031424890664109562e+01
-2.510002385179084694e+00
4.466925284137658325e-01
-1.285357495974125541e+01
-1.033993276368430969e+01
-2.510002385133552671e+00
4.442772832983212794e-01
-1.288990705772534184e+01
-1.036651162721265607e+01
-2.510002385092287902e+00
4.422771895008943965e-01
-1.292470351553341601e+01
-1.039196708821623893e+01
-2.510002385060734031e+00
4.407466049010477782e-01
-1.296077776171923190e+01
-1.041835731943268506e+01
-2.510002385032957584e+00
4.394794804451305215e-01
-1.299537664939466630e+01
-1.044366824737065613e+01
-2.510002385012500614e+00
4.385100589971339669e-01
-1.303266717624179094e+01
-1.047094825263225459e+01
-2.510002384994075797e+00
4.376803824997920200e-01
-1.306576112502173714e+01
-1.049515823766589406e+01
-2.510002384983230250e+00
4.370938823827300590e-01
-1.310156792317897434e+01
-1.052135281641709419e+01
-2.510002384974161060e+00
4.365859210537628154e-01
-1.313733793346540502e+01
-1.054752048288299626e+01
-2.510002384968254230e+00
4.361835937295481802e-01
-1.317307817584581109e+01
-1.057366637254135178e+01
-2.510002384964914235e+00
4.358649512713549390e-01
-1.320742219404082007e+01
-1.059879084989089471e+01
-2.510002384963644140e+00
4.356212459825506422e-01
