-3.157270551145030437e-03
9.999984435178312925e-01
-5.859864658793885461e-02
9.999988732684447212e-01
-6.479877090275501517e-02
9.999981992239825868e-01
4.106160215047852668e-01
9.999450262955812407e-01
-3.566182137583694955e-01
6.233541225160202925e-01
-2.079633303699628954e-01
9.996337051698039877e-01
-4.204948964679107726e-01
9.988851304759305272e-01
2.969580425540204183e-01
9.968087954329639677e-01
-4.341276693557577504e-01
9.948772288845876277e-01
-4.342933792715979457e-01
9.950949498700654150e-01
-4.304355446335290658e-01
9.909342228794313368e-01
-4.165221556909149969e-01
9.819335798929247350e-01
-4.839919908614744026e-02
9.645286439240278176e-01
3.603461430561698542e-01
9.374487654979807294e-01
-3.641988741278570085e-01
9.158519494354298018e-01
3.256109348545706550e-01
8.979433694916945097e-01
-3.374361490577516554e-01
8.776279265994623158e-01
3.127390109544231911e-01
8.808587006166234135e-01
-3.173082157541812776e-01
8.650420169708726847e-01
3.032179679168971465e-01
8.586781359475252895e-01
-3.092837828706785919e-01
8.614090921117458777e-01
2.530240032847723142e-01
8.471213995656731166e-01
1.578901162162680075e-02
8.444835762761235820e-01
-2.384081084085787339e-01
8.439214121163143290e-01
2.629314196206745669e-01
8.348030547553326741e-01
-2.275762104464249536e-01
8.215426204415604561e-01
2.048309180297804011e-01
8.205905547689628099e-01
-1.787025263079335402e-01
8.138140005826796086e-01
1.466172960323194330e-01
7.958116597039718298e-01
-1.098458455978900267e-01
8.033623492806857280e-01
8.290922732050487465e-02
7.964824809127694083e-01
-3.906590812657797368e-02
7.889753235636502993e-01
4.090069460923746215e-03
7.687922281216829079e-01
7.086335022464186791e-03
7.864010719587042342e-01
-3.856732486205861031e-03
7.567956972336848942e-01
-1.811259525258185810e-04
7.540342308621830192e-01
4.385161380752616877e-04
7.384446465379307378e-01
-1.280333349144502468e-05
7.237298721521936429e-01
-4.231994783328954263e-05
7.371562961219770838e-01
4.745011404725635087e-06
7.195705253225642695e-01
3.493680739668363855e-06
7.024524251489823179e-01
-1.393268092274376996e-09
7.008530754522773742e-01
-2.197550770528409985e-07
6.908075556526562799e-01
-2.551549728320659430e-08
6.732763813006460429e-01
6.839495284698051980e-09
6.718245923702581557e-01
1.834803212738964934e-09
6.481276098768631311e-01
-3.746813801858705216e-10
6.556317949952339408e-01
-8.295835891354204945e-10
6.523060746904235652e-01
-8.119808287433696487e-10
6.268458585285211493e-01
-9.469519112672104559e-10
6.186829602469052780e-01
-1.119716960917719707e-09
6.177840808236952919e-01
-1.201190591409798667e-09
6.079937832312637402e-01
-1.311096823513007990e-09
5.981022786063984187e-01
-1.395692280483316243e-09
5.818018499156661916e-01
-1.648801304934054531e-09
5.803891447821992733e-01
-1.742756682833141558e-09
5.651655253128602396e-01
-1.944347715414848931e-09
5.576241166018811590e-01
-2.338347889683880733e-09
5.620094558402500828e-01
-2.426265898242871586e-09
5.453066700581710169e-01
-2.593921060803288576e-09
5.303082015325876197e-01
-2.926338018424810628e-09
5.233748616345027527e-01
-3.260583698517248834e-09
5.164518825389728951e-01
-3.934559621845615382e-09
5.199718962097966690e-01
-3.973922341886996617e-09
4.999445235058901371e-01
-4.654139776478501954e-09
4.977925531343223020e-01
-4.981868984945722279e-09
4.850307793803768641e-01
-5.829865046920629013e-09
4.830999611938672222e-01
-5.950801535100217562e-09
4.669376974543888448e-01
-7.264611777880936844e-09
4.705191564946886729e-01
-8.107796708999700502e-09
4.635369018695353893e-01
-9.089915086734155516e-09
4.565226628372993645e-01
-9.801321205962542220e-09
4.460051705396294031e-01
-1.205131553526432367e-08
4.472448971295974185e-01
-1.253440314902428115e-08
4.332739394376050046e-01
-1.477953548777401891e-08
4.308708559572898555e-01
-1.597856074932545253e-08
4.219291767656947467e-01
-1.872701178295381266e-08
4.196799414686611107e-01
-1.921590216234703968e-08
4.091032792067949009e-01
-2.334843358337603636e-08
4.099852461031417428e-01
-2.719731092726487565e-08
4.070773539136884334e-01
-2.670441686688446043e-08
3.951406425918649878e-01
-3.207897134658399774e-08
3.954651163769496436e-01
-3.543005876444733308e-08
3.909823445636175232e-01
-3.900755019957243350e-08
3.864765369925164951e-01
-4.268978518841330211e-08
3.821907020113396447e-01
-4.444338788269673740e-08
3.768532661908380321e-01
-4.774954968129024440e-08
3.735816530238094679e-01
-5.322339845951552014e-08
3.715561026463674588e-01
-5.909495179121008297e-08
3.690746076217795713e-01
-5.778386327287009147e-08
3.636723109869819393e-01
-6.039554144400462193e-08
3.609620323841972733e-01
-6.520734173301392396e-08
3.591759014736207734e-01
-6.448732567000692724e-08
3.559914703430905880e-01
-6.847459958560399426e-08
3.543266591704989921e-01
-6.929608456328294593e-08
3.520947969939706712e-01
-6.665352289557502472e-08
3.496804205475012584e-01
-6.864256690832012394e-08
3.483069114799857147e-01
-6.722045766110154488e-08
3.466347503623267157e-01
-6.242324209728412313e-08
3.449453561778529909e-01
-6.180695211535339707e-08
3.439136756448527565e-01
-5.565482937688783215e-08
3.426769545827454411e-01
-5.320697519597988894e-08
3.418909135189016069e-01
-4.598171472782281658e-08
3.410418210702372277e-01
-4.342137746854836475e-08
3.405294992629335771e-01
-3.250349689281008443e-08
3.399305887271942272e-01
-2.815284491976601598e-08
3.396558695458998245e-01
-2.074974614770147832e-08
3.394184189148909403e-01
-1.312202698806201887e-08
3.392777402276393461e-01
-5.190092691019032337e-09
3.392144596273131696e-01
1.997833418998534949e+00
-2.183164815861661001e+00
-3.346850332624976776e+00
1.910694455212582099e+01
1.713061557741673901e+00
-2.121960693489421068e+00
-3.357481852007032863e+00
1.933056113710532387e+01
7.939965555351494730e-01
-1.903032714307673734e+00
-3.391966260845158398e+00
2.026100266684099083e+01
9.958392406344789005e-02
-1.714991368799745564e+00
-3.418225187547713428e+00
2.128757187334092649e+01
9.958392406344789005e-02
-1.714991368799745564e+00
-3.418225187547713428e+00
2.128757187334092649e+01
-2.119345434731459143e-01
-1.589625451998115224e+00
-3.649522613426467554e+00
2.184736031523922506e+01
-8.938956059166310864e-01
-6.944900252710756172e-01
-4.419568591407225355e+00
2.420913684000626276e+01
-8.624113867014069346e-01
2.042094675463873577e-01
-5.046148417815048859e+00
2.728279052245483527e+01
-8.624113867014069346e-01
2.042094675463873577e-01
-5.046148417815048859e+00
2.728279052245483527e+01
-6.710280408167179633e-01
6.168610500661247942e-01
-5.500575274865514785e+00
3.421500503018350514e+01
1.295016537526805900e+00
9.592224280477305021e-01
-6.704151010819894729e+00
3.925068606522067682e+01
1.624477735074342233e+00
-5.613206864045350297e-01
-8.200439198062785096e+00
7.620131466548045296e+01
1.624477735074342233e+00
-5.613206864045350297e-01
-8.200439198062785096e+00
7.620131466548045296e+01
4.595907876627851052e-01
-9.144436748004461935e-01
-3.146084818789665949e+00
6.159334321672400137e+01
-9.400446580767943816e-01
1.620532641741120050e-01
7.755071198754886375e+00
3.344934095557056253e+01
-4.770664502656375983e-01
9.352904288396797217e-01
1.248842040530355035e+01
2.329058272727766976e+01
-4.770664502656375983e-01
9.352904288396797217e-01
1.248842040530355035e+01
2.329058272727766976e+01
-5.716525003242521885e-01
3.977309163254462709e-01
1.107686808903524422e+01
2.195080132234610204e+01
-1.084623726338561633e-01
5.072459401622499975e-01
7.134906171346942827e+00
1.811923908743233724e+01
1.556344595534751574e-01
5.797024095399776478e-01
4.721063606266405976e+00
1.570545691066856442e+01
1.556344595534751574e-01
5.797024095399776478e-01
4.721063606266405976e+00
1.570545691066856442e+01
4.715727740810264634e-02
3.091692983401539419e-01
4.139839775629970298e+00
1.497559699931505151e+01
-4.884894807988923171e-01
2.922588802735260893e-01
2.490919083514093746e+00
1.259548973768625402e+01
-6.607724512479103973e-01
6.642712261117664774e-01
1.473656697948255712e+00
1.087363732826778318e+01
-6.607724512479103973e-01
6.642712261117664774e-01
1.473656697948255712e+00
1.087363732826778318e+01
-5.313257918274142400e-01
7.980367464427925439e-01
7.270454917114737015e-01
9.523565127027477928e+00
-2.860468963652141317e-01
7.221641612301035185e-01
-1.094507758709101219e+00
6.345221624198165600e+00
-2.900991629204674460e-01
5.244377999258651446e-01
-2.025169648292505453e+00
4.805069228649321289e+00
-2.900991629204674460e-01
5.244377999258651446e-01
-2.025169648292505453e+00
4.805069228649321289e+00
-3.064838050251556534e-01
4.555971964425971632e-01
-1.787655878071333859e+00
4.352213054575014617e+00
-2.785062940632417328e-01
2.848211814491569127e-01
-1.173501871262929486e+00
3.182483272766317040e+00
-2.182676755035344029e-01
2.056625347015778871e-01
-8.344566006746075848e-01
2.543668917333363755e+00
-2.182676755035344029e-01
2.056625347015778871e-01
-8.344566006746075848e-01
2.543668917333363755e+00
-1.997868570584955816e-01
1.721072151442354925e-01
-1.024142481514718650e+00
2.274966652161670488e+00
-1.813437512101196414e-01
7.983676572934296500e-02
-1.506159413081249010e+00
1.624481654431047639e+00
-1.913052422847416889e-01
2.818469969613030673e-02
-1.768786026339229434e+00
1.298276206315288617e+00
-1.913052422847416889e-01
2.818469969613030673e-02
-1.768786026339229434e+00
1.298276206315288617e+00
-1.984331033328828320e-01
9.981015004566303264e-03
-1.866606202884767418e+00
1.183679503239069453e+00
-2.247637403546489943e-01
-3.399143487968165483e-02
-2.125310046987782364e+00
9.038900394456647058e-01
-2.451726684723672389e-01
-5.585953960832547305e-02
-2.275336594212880037e+00
7.620452460471950351e-01
-2.451726684723672389e-01
-5.585953960832547305e-02
-2.275336594212880037e+00
7.620452460471950351e-01
-2.532450094477485814e-01
-6.293123323434089700e-02
-2.328693375765618523e+00
7.158839771195892876e-01
-2.776640989974339946e-01
-8.042963854693845061e-02
-2.478407759944326827e+00
6.004876513626966616e-01
-2.942964843736063929e-01
-8.946329125161335549e-02
-2.572583418558608948e+00
5.399355022887361022e-01
-2.942964843736063929e-01
-8.946329125161335549e-02
-2.572583418558608948e+00
5.399355022887361022e-01
-3.018388186309908239e-01
-9.295783762399763284e-02
-2.612595604132784910e+00
5.168443556538087069e-01
-3.245084540830699971e-01
-1.014262833022159804e-01
-2.729214722155295370e+00
4.599102226366497126e-01
-3.399970820488983914e-01
-1.055382658939279100e-01
-2.806383246032504886e+00
4.306548641460687943e-01
-3.399970820488983914e-01
-1.055382658939279100e-01
-2.806383246032504886e+00
4.306548641460687943e-01
-3.466082089665971089e-01
-1.077289201490921056e-01
-2.810279977337861279e+00
4.216351372588260649e-01
-3.667584477863649051e-01
-1.142322386647426496e-01
-2.822126836548728868e+00
3.991796873731660589e-01
-3.808089300843997549e-01
-1.186108725337353953e-01
-2.830361049123540251e+00
3.874799058193799661e-01
-3.808089300843997549e-01
-1.186108725337353953e-01
-2.830361049123540251e+00
3.874799058193799661e-01
-3.861285100620717170e-01
-1.209995913449805754e-01
-2.806070432921487612e+00
3.829586578902112182e-01
-4.021908804896022760e-01
-1.291894563636357407e-01
-2.730944314831834419e+00
3.715512727955964101e-01
-4.131721055223159245e-01
-1.357097382863213797e-01
-2.677738715023397109e+00
3.654866004256205336e-01
-4.131721055223159245e-01
-1.357097382863213797e-01
-2.677738715023397109e+00
3.654866004256205336e-01
-4.185575583761800278e-01
-1.376886244280408900e-01
-2.701894822555323206e+00
3.633258509351898202e-01
-4.356744943608761300e-01
-1.430286218145632726e-01
-2.777405359126845052e+00
3.578940379506581060e-01
-4.481633004516454299e-01
-1.460522849592708339e-01
-2.831511104106038346e+00
3.550217727284811220e-01
-4.481633004516454299e-01
-1.460522849592708339e-01
-2.831511104106038346e+00
3.550217727284811220e-01
-4.532853851643227627e-01
-1.482762314778248991e-01
-2.810491787889737303e+00
3.542343199169710188e-01
-4.690813823365703183e-01
-1.559688653220364651e-01
-2.744345295427663700e+00
3.522427132429558072e-01
-4.801473086052945316e-01
-1.621607661264370115e-01
-2.696609972498245522e+00
3.511800959541551137e-01
-4.801473086052945316e-01
-1.621607661264370115e-01
-2.696609972498245522e+00
3.511800959541551137e-01
-4.849528217922518536e-01
-1.638756897630022635e-01
-2.716513607302973199e+00
3.508699088458299142e-01
-5.003200767859798948e-01
-1.686533525593006955e-01
-2.779299341028164338e+00
3.500691661043069947e-01
-5.116095353311856941e-01
-1.715038802814337626e-01
-2.824723566711911271e+00
3.496289573417498131e-01
-5.116095353311856941e-01
-1.715038802814337626e-01
-2.824723566711911271e+00
3.496289573417498131e-01
-5.168461380084372614e-01
-1.737966677749670230e-01
-2.804056066649769363e+00
3.495274925303694102e-01
-5.330539588170782883e-01
-1.817398483163394640e-01
-2.738789305473958269e+00
3.492717392111729935e-01
-5.444528916815616348e-01
-1.881450380786989507e-01
-2.691513633350545831e+00
3.491359624978364606e-01
-5.444528916815616348e-01
-1.881450380786989507e-01
-2.691513633350545831e+00
3.491359624978364606e-01
-5.494122811436703557e-01
-1.899758575542855599e-01
-2.710905706712062546e+00
3.491436076883551731e-01
-5.653009330356882911e-01
-1.951230868242256611e-01
-2.772179188962418550e+00
3.491632585276617795e-01
-5.769984396741418831e-01
-1.982406220920285012e-01
-2.816588735112881992e+00
3.491739940412103005e-01
-5.769984396741418831e-01
-1.982406220920285012e-01
-2.816588735112881992e+00
3.491739940412103005e-01
-5.818326273158789252e-01
-2.003829833754502410e-01
-2.798053932295144985e+00
3.492543436239639587e-01
-5.968385842122619911e-01
-2.077382653302890236e-01
-2.739466918122034578e+00
3.494612941512006410e-01
-6.074365028814681100e-01
-2.136144170540157095e-01
-2.696987094438818122e+00
3.495746913961504942e-01
-6.074365028814681100e-01
-2.136144170540157095e-01
-2.696987094438818122e+00
3.495746913961504942e-01
-6.128067888020202192e-01
-2.155737648163469911e-01
-2.717426308991846895e+00
3.495844499017636831e-01
-6.300207699967738106e-01
-2.210367669643710231e-01
-2.782009138252302893e+00
3.496091704152708979e-01
-6.426992451460525890e-01
-2.242960549869063014e-01
-2.828817712645054439e+00
3.496223912104242659e-01
-6.426992451460525890e-01
-2.242960549869063014e-01
-2.828817712645054439e+00
3.496223912104242659e-01
-6.475980005837516096e-01
-2.263079118576065973e-01
-2.813327318296496404e+00
3.498663872965651067e-01
-6.628810785041788778e-01
-2.331687720733700842e-01
-2.764321459310492557e+00
3.504976726622726080e-01
-6.737528438121885843e-01
-2.386125520085131402e-01
-2.728755747791493214e+00
3.508458540467231379e-01
-6.737528438121885843e-01
-2.386125520085131402e-01
-2.728755747791493214e+00
3.508458540467231379e-01
-6.786122286712598095e-01
-2.407688684792796685e-01
-2.727785389957241513e+00
3.513447694442881630e-01
-6.939921326627870313e-01
-2.476308678117107864e-01
-2.724711449998340917e+00
3.526418433821003617e-01
-7.051568695394803132e-01
-2.526477639073493320e-01
-2.722477331809819656e+00
3.533622522214092121e-01
-7.051568695394803132e-01
-2.526477639073493320e-01
-2.722477331809819656e+00
3.533622522214092121e-01
-7.103906775691959385e-01
-2.545361646772754671e-01
-2.737812285773166820e+00
3.533090199325690794e-01
-7.271031634238622754e-01
-2.599703688988725947e-01
-2.786251168596783678e+00
3.531721681528156576e-01
-7.393662719567897224e-01
-2.633988055541030548e-01
-2.821346637447932792e+00
3.530973836664687004e-01
-7.393662719567897224e-01
-2.633988055541030548e-01
-2.821346637447932792e+00
3.530973836664687004e-01
-7.444859586809775553e-01
-2.655668476559807090e-01
-2.804447154546012122e+00
3.530432447862794088e-01
-7.604051633398131171e-01
-2.729783795642060640e-01
-2.751066631926631256e+00
3.529038724530751403e-01
-7.716804396981505887e-01
-2.788734965804368637e-01
-2.712391020663110996e+00
3.528275595013092292e-01
-7.716804396981505887e-01
-2.788734965804368637e-01
-2.712391020663110996e+00
3.528275595013092292e-01
-7.766814009812357256e-01
-2.807556444387719896e-01
-2.726448742650518398e+00
3.529627721192885592e-01
-7.926597301652066330e-01
-2.862410152080031023e-01
-2.770896718840369921e+00
3.533149982252344334e-01
-8.043932307694131589e-01
-2.897725997217369676e-01
-2.803134833257484360e+00
3.535111881387077437e-01
-8.043932307694131589e-01
-2.897725997217369676e-01
-2.803134833257484360e+00
3.535111881387077437e-01
-8.095194274032355697e-01
-2.919462385194331322e-01
-2.789950346867217323e+00
3.536500805806117587e-01
-8.255320172083068231e-01
-2.992607540887607942e-01
-2.748262775370212907e+00
3.540095414127381046e-01
-8.369482445194895703e-01
-3.049802953745392453e-01
-2.718026443378101842e+00
3.542078854242476371e-01
-8.369482445194895703e-01
-3.049802953745392453e-01
-2.718026443378101842e+00
3.542078854242476371e-01
-8.421519641836056058e-01
-3.069923474512918915e-01
-2.729552151531989601e+00
3.543759942154570686e-01
-8.587550238712385875e-01
-3.129581756967225181e-01
-2.766000388348030636e+00
3.548120911802024047e-01
-8.709297426515161256e-01
-3.169053145703776830e-01
-2.792440945609548919e+00
3.550535403339120100e-01
-8.709297426515161256e-01
-3.169053145703776830e-01
-2.792440945609548919e+00
3.550535403339120100e-01
-8.756977274310336901e-01
-3.188853638670799961e-01
-2.783690391927855057e+00
3.552825846055386316e-01
-8.906636145095671031e-01
-3.254226206911482455e-01
-2.756009070259019200e+00
3.558884035623555153e-01
-9.014081594656646601e-01
-3.304247823929430949e-01
-2.735920692357030060e+00
3.562332956724267308e-01
-9.014081594656646601e-01
-3.304247823929430949e-01
-2.735920692357030060e+00
3.562332956724267308e-01
-9.066352500074639220e-01
-3.324646908213075847e-01
-2.743045823639632896e+00
3.563895714862516662e-01
-9.232575860977761950e-01
-3.386692029718813557e-01
-2.765576494763713811e+00
3.567965778097586527e-01
-9.354004020483656090e-01
-3.429347023895022994e-01
-2.781919792313426676e+00
3.570232095827153285e-01
-9.354004020483656090e-01
-3.429347023895022994e-01
-2.781919792313426676e+00
3.570232095827153285e-01
-9.406120899019371207e-01
-3.450468006597927628e-01
-2.776530051146732792e+00
3.571769951775837226e-01
-9.570158223633912220e-01
-3.519098490263058987e-01
-2.759487158702134568e+00
3.575783398015398573e-01
-9.688402030617868643e-01
-3.570625142492760973e-01
-2.747124746990429855e+00
3.578024810859345428e-01
-9.688402030617868643e-01
-3.570625142492760973e-01
-2.747124746990429855e+00
3.578024810859345428e-01
-9.740686699027568674e-01
-3.591660933100879749e-01
-2.749669916472957443e+00
3.579607732139603038e-01
-9.906369396059738763e-01
-3.657302711048940891e-01
-2.757718175482297696e+00
3.583747962784881169e-01
-1.002688174995562287e+00
-3.704083101089633567e-01
-2.763556299665301363e+00
3.586067567501788900e-01
-1.002688174995562287e+00
-3.704083101089633567e-01
-2.763556299665301363e+00
3.586067567501788900e-01
-1.007531806377469863e+00
-3.723388632260042352e-01
-2.763309762119594115e+00
3.588025747313500768e-01
-1.022848176967915412e+00
-3.784527061015582894e-01
-2.762530009632400585e+00
3.593244531448533952e-01
-1.033958207942550223e+00
-3.828961692753437007e-01
-2.761964248772879493e+00
3.596247779677820278e-01
-1.033958207942550223e+00
-3.828961692753437007e-01
-2.761964248772879493e+00
3.596247779677820278e-01
-1.039617982003596453e+00
-3.851686792938110449e-01
-2.761464625109061544e+00
3.596464297665497023e-01
-1.057495052456188800e+00
-3.923682553921392646e-01
-2.759885844483001893e+00
3.597023208594443133e-01
-1.070445788727307779e+00
-3.976043687075495048e-01
-2.758741495519381637e+00
3.597330450110766686e-01
-1.070445788727307779e+00
-3.976043687075495048e-01
-2.758741495519381637e+00
3.597330450110766686e-01
-1.075502083020938082e+00
-3.996337457260951687e-01
-2.758984407877584921e+00
3.599103518994655193e-01
-1.091495820553786578e+00
-4.060435494707695936e-01
-2.759752616480299459e+00
3.603810026554319923e-01
-1.103102040374092541e+00
-4.106860449090237730e-01
-2.760309936639820272e+00
3.606503079455279925e-01
-1.103102040374092541e+00
-4.106860449090237730e-01
-2.760309936639820272e+00
3.606503079455279925e-01
-1.108374512731059580e+00
-4.127994440375790663e-01
-2.760321830277266297e+00
3.607727268124180653e-01
-1.125044030778739490e+00
-4.194807156770807843e-01
-2.760359432985013406e+00
3.610957220480413565e-01
-1.137133699929315345e+00
-4.243258933711782088e-01
-2.760386704222542509e+00
3.612789539237566405e-01
-1.137133699929315345e+00
-4.243258933711782088e-01
-2.760386704222542509e+00
3.612789539237566405e-01
-1.142212306022115431e+00
-4.263622467394894699e-01
-2.760358966589937513e+00
3.614362386742712152e-01
-1.158271308514320808e+00
-4.328024527649687592e-01
-2.760271255707134497e+00
3.618555695823761353e-01
-1.169920139708664042e+00
-4.374750533159315613e-01
-2.760207630318532335e+00
3.620970020808813583e-01
-1.169920139708664042e+00
-4.374750533159315613e-01
-2.760207630318532335e+00
3.620970020808813583e-01
-1.174806619760116355e+00
-4.394346054685743241e-01
-2.760208409548567499e+00
3.622690800546665701e-01
-1.190259711431338907e+00
-4.456314990513003949e-01
-2.760210873797924513e+00
3.627324479081604491e-01
-1.201470479675898595e+00
-4.501271373198957870e-01
-2.760212661537588374e+00
3.630030201832692982e-01
-1.201470479675898595e+00
-4.501271373198957870e-01
-2.760212661537588374e+00
3.630030201832692982e-01
-1.206980447028357828e+00
-4.523366266855950446e-01
-2.760215565815544281e+00
3.630319963609186518e-01
-1.224392311646647968e+00
-4.593186384602760408e-01
-2.760224743505507838e+00
3.631082679486333231e-01
-1.237013559407343033e+00
-4.643795370675315448e-01
-2.760231396068792531e+00
3.631513900348426471e-01
-1.237013559407343033e+00
-4.643795370675315448e-01
-2.760231396068792531e+00
3.631513900348426471e-01
-1.242322325881794143e+00
-4.665083189185290635e-01
-2.760231082325702356e+00
3.632773778160233169e-01
-1.259106715648002028e+00
-4.732387660044773958e-01
-2.760230090383841262e+00
3.636126301721644416e-01
-1.271279836696130650e+00
-4.781201320332110760e-01
-2.760229370963436679e+00
3.638051330872479339e-01
-1.271279836696130650e+00
-4.781201320332110760e-01
-2.760229370963436679e+00
3.638051330872479339e-01
-1.276393970688457280e+00
-4.801708772075254927e-01
-2.760229148428146928e+00
3.639803928357987495e-01
-1.292567170189523829e+00
-4.866562675697843066e-01
-2.760228444671008585e+00
3.644516742718232338e-01
-1.304300477272510639e+00
-4.913612865366859817e-01
-2.760227934110274006e+00
3.647263302731287848e-01
-1.304300477272510639e+00
-4.913612865366859817e-01
-2.760227934110274006e+00
3.647263302731287848e-01
-1.309632261130192044e+00
-4.934993106370642035e-01
-2.760227934202797329e+00
3.648458515496424970e-01
-1.326488855438748393e+00
-5.002587378426482934e-01
-2.760227934495312230e+00
3.651653753281279280e-01
-1.338713924095683794e+00
-5.051609416981163170e-01
-2.760227934707455866e+00
3.653500568411468530e-01
-1.338713924095683794e+00
-5.051609416981163170e-01
-2.760227934707455866e+00
3.653500568411468530e-01
-1.344054897020723782e+00
-5.073026501590683912e-01
-2.760227949325959607e+00
3.654862303949720226e-01
-1.360941984380831915e+00
-5.140743030399814728e-01
-2.760227995546741031e+00
3.658511796187972065e-01
-1.373190352288930827e+00
-5.189858478487384685e-01
-2.760228029071121192e+00
3.660628608702438669e-01
-1.373190352288930827e+00
-5.189858478487384685e-01
-2.760228029071121192e+00
3.660628608702438669e-01
-1.378336372634256346e+00
-5.210493809089618011e-01
-2.760228030706502800e+00
3.662528941507434133e-01
-1.394611629608012660e+00
-5.275756921639317421e-01
-2.760228035878704134e+00
3.667674834800877526e-01
-1.406420049461162503e+00
-5.323108200036854587e-01
-2.760228039631365871e+00
3.670703390258623910e-01
-1.406420049461162503e+00
-5.323108200036854587e-01
-2.760228039631365871e+00
3.670703390258623910e-01
-1.411786125094151911e+00
-5.344625943278906721e-01
-2.760228039174252412e+00
3.672012608408214418e-01
-1.428752107331893395e+00
-5.412658836516921479e-01
-2.760228037728989836e+00
3.675537966649368160e-01
-1.441057355049748301e+00
-5.462002375579168012e-01
-2.760228036680756336e+00
3.677596447392720846e-01
-1.441057355049748301e+00
-5.462002375579168012e-01
-2.760228036680756336e+00
3.677596447392720846e-01
-1.446020617173580769e+00
-5.481904853248904530e-01
-2.760228036567333731e+00
3.679832092539327415e-01
-1.461720634816355835e+00
-5.544861280487154431e-01
-2.760228036208548730e+00
3.685957973790972009e-01
-1.473114115609886809e+00
-5.590548671516374357e-01
-2.760228035948180114e+00
3.689623387119470577e-01
-1.473114115609886809e+00
-5.590548671516374357e-01
-2.760228035948180114e+00
3.689623387119470577e-01
-1.478507621219758761e+00
-5.612176407932922828e-01
-2.760228035973350202e+00
3.690637349105176379e-01
-1.495557729615604403e+00
-5.680546643708345167e-01
-2.760228036052916334e+00
3.693378738167957254e-01
-1.507921909972577579e+00
-5.730126500116424770e-01
-2.760228036110615957e+00
3.694988589905001675e-01
-1.507921909972577579e+00
-5.730126500116424770e-01
-2.760228036110615957e+00
3.694988589905001675e-01
-1.513530942974163462e+00
-5.752618492519565585e-01
-2.760228036168570931e+00
3.695874183745769814e-01
-1.531261182247076968e+00
-5.823716025156707721e-01
-2.760228036351767056e+00
3.698256655825160055e-01
-1.544117562788095421e+00
-5.875269584058131489e-01
-2.760228036484604797e+00
3.699645999858599543e-01
-1.544117562788095421e+00
-5.875269584058131489e-01
-2.760228036484604797e+00
3.699645999858599543e-01
-1.549318661164438282e+00
-5.896125775314541295e-01
-2.760228036537204943e+00
3.701888918021383756e-01
-1.565770953361500739e+00
-5.962098792498800037e-01
-2.760228036703590515e+00
3.708030695559237921e-01
-1.577710299687077100e+00
-6.009975081744340919e-01
-2.760228036824336151e+00
3.711702262881206305e-01
-1.577710299687077100e+00
-6.009975081744340919e-01
-2.760228036824336151e+00
3.711702262881206305e-01
-1.582928112464069503e+00
-6.030898297039022360e-01
-2.760228036885876701e+00
3.713702252132287662e-01
-1.599431185290148161e+00
-6.097074942387115115e-01
-2.760228037080517893e+00
3.719189684164365683e-01
-1.611405685478787264e+00
-6.145092197123264155e-01
-2.760228037221748476e+00
3.722479147318941139e-01
-1.611405685478787264e+00
-6.145092197123264155e-01
-2.760228037221748476e+00
3.722479147318941139e-01
-1.616847498504431213e+00
-6.166913644202025591e-01
-2.760228037297641102e+00
3.723875937184599749e-01
-1.634053649436743916e+00
-6.235909603831223391e-01
-2.760228037537598489e+00
3.727688251610087877e-01
-1.646533790491573779e+00
-6.285954457631308667e-01
-2.760228037711647708e+00
3.729956857957484884e-01
-1.646533790491573779e+00
-6.285954457631308667e-01
-2.760228037711647708e+00
3.729956857957484884e-01
-1.651986749344194205e+00
-6.307820598986584315e-01
-2.760228037793228228e+00
3.731571398916119775e-01
-1.669230048101716379e+00
-6.376965519766012447e-01
-2.760228038051201871e+00
3.735988837424362163e-01
-1.681738727564657365e+00
-6.427124811333458920e-01
-2.760228038238342840e+00
3.738626540474060400e-01
-1.681738727564657365e+00
-6.427124811333458920e-01
-2.760228038238342840e+00
3.738626540474060400e-01
-1.687204426245899391e+00
-6.449042038843441071e-01
-2.760228038327595890e+00
3.740404726217990139e-01
-1.704489439657693728e+00
-6.518354233559880972e-01
-2.760228038609854551e+00
3.745281996928272461e-01
-1.717029587075453056e+00
-6.568639710248422858e-01
-2.760228038814631635e+00
3.748204365883363032e-01
-1.717029587075453056e+00
-6.568639710248422858e-01
-2.760228038814631635e+00
3.748204365883363032e-01
-1.722298973316481963e+00
-6.589769732889108056e-01
-2.760228038906231696e+00
3.750514802182605689e-01
-1.738967737296543081e+00
-6.656610792546883149e-01
-2.760228039195989691e+00
3.756910854376381281e-01
-1.751064723447173899e+00
-6.705119210648889938e-01
-2.760228039406276146e+00
3.760792809022523997e-01
-1.751064723447173899e+00
-6.705119210648889938e-01
-2.760228039406276146e+00
3.760792809022523997e-01
-1.756562755054489777e+00
-6.727166091784950730e-01
-2.760228039519182719e+00
3.762486017615970235e-01
-1.773949223659211594e+00
-6.796885117396469500e-01
-2.760228039876227779e+00
3.767150998801445105e-01
-1.786562370560289104e+00
-6.847463318815426581e-01
-2.760228040135249472e+00
3.769963578724884745e-01
-1.786562370560289104e+00
-6.847463318815426581e-01
-2.760228040135249472e+00
3.769963578724884745e-01
-1.791862225177767165e+00
-6.868715518307850765e-01
-2.760228040250289006e+00
3.772196062727797283e-01
-1.808626643633915343e+00
-6.935940148202901501e-01
-2.760228040614177036e+00
3.778401407384811561e-01
-1.820792504534605616e+00
-6.984724751009111499e-01
-2.760228040878249800e+00
3.782188777795123524e-01
-1.820792504534605616e+00
-6.984724751009111499e-01
-2.760228040878249800e+00
3.782188777795123524e-01
-1.826109432663340471e+00
-7.006045414531238968e-01
-2.760228041007009470e+00
3.784272512444470937e-01
-1.842926549046201679e+00
-7.073481360786647576e-01
-2.760228041414266364e+00
3.790075087090460926e-01
-1.855129584593200320e+00
-7.122415032275173363e-01
-2.760228041709785529e+00
3.793625655747922543e-01
-1.855129584593200320e+00
-7.122415032275173363e-01
-2.760228041709785529e+00
3.793625655747922543e-01
-1.860888517176633616e+00
-7.145508115451086883e-01
-2.760228041877509142e+00
3.794755910414734368e-01
-1.879094742833843146e+00
-7.218514332645934450e-01
-2.760228042407748994e+00
3.797868923988449996e-01
-1.892298198058747660e+00
-7.271459645790172566e-01
-2.760228042792287617e+00
3.799744987970401500e-01
-1.892298198058747660e+00
-7.271459645790172566e-01
-2.760228042792287617e+00
3.799744987970401500e-01
-1.897853522663128567e+00
-7.293736269259643024e-01
-2.760228042960164885e+00
3.801851327346567611e-01
-1.915424765072766711e+00
-7.364196229483317424e-01
-2.760228043491152139e+00
3.807706157210132281e-01
-1.928175069091456528e+00
-7.415324424739022646e-01
-2.760228043876455928e+00
3.811279688843994262e-01
-1.928175069091456528e+00
-7.415324424739022646e-01
-2.760228043876455928e+00
3.811279688843994262e-01
-1.933533238961471223e+00
-7.436810465751694244e-01
-2.760228044049564122e+00
3.813865767411309116e-01
-1.950485047564701091e+00
-7.504786521633419749e-01
-2.760228044597230035e+00
3.821115294143793695e-01
-1.962789494353716302e+00
-7.554126847551225765e-01
-2.760228044994753382e+00
3.825592100842087340e-01
-1.962789494353716302e+00
-7.554126847551225765e-01
-2.760228044994753382e+00
3.825592100842087340e-01
-1.968167613042784314e+00
-7.575692882432405462e-01
-2.760228045190772583e+00
3.827948211306149151e-01
-1.985180501823546217e+00
-7.643913867065535994e-01
-2.760228045810849462e+00
3.834564363931212694e-01
-1.997527598870338261e+00
-7.693425218573397562e-01
-2.760228046260870816e+00
3.838659640537397388e-01
-1.997527598870338261e+00
-7.693425218573397562e-01
-2.760228046260870816e+00
3.838659640537397388e-01
-2.002923982118250734e+00
-7.715064493499036447e-01
-2.760228046480020847e+00
3.840876658765441931e-01
-2.019993406190123686e+00
-7.783512182044628469e-01
-2.760228047173218791e+00
3.847112846434584399e-01
-2.032380511626521891e+00
-7.833183965337020549e-01
-2.760228047676266616e+00
3.850981970203429805e-01
-2.032380511626521891e+00
-7.833183965337020549e-01
-2.760228047676266616e+00
3.850981970203429805e-01
-2.038226651919351262e+00
-7.856626747407992051e-01
-2.760228047962756559e+00
3.852309995336147264e-01
-2.056710317214814232e+00
-7.930745484718820792e-01
-2.760228048868546669e+00
3.856008381483595482e-01
-2.070116527318371258e+00
-7.984503835504136449e-01
-2.760228049525517147e+00
3.858271597587718538e-01
-2.070116527318371258e+00
-7.984503835504136449e-01
-2.760228049525517147e+00
3.858271597587718538e-01
-2.075540790494005083e+00
-8.006254907574131829e-01
-2.760228049793992167e+00
3.860856768768967107e-01
-2.092701526252157773e+00
-8.075068751511941256e-01
-2.760228050643365627e+00
3.868157949973112242e-01
-2.105157609425409415e+00
-8.125017132153766752e-01
-2.760228051259882243e+00
3.872712985918604356e-01
-2.105157609425409415e+00
-8.125017132153766752e-01
-2.760228051259882243e+00
3.872712985918604356e-01
-2.110819510415354650e+00
-8.147721121949733636e-01
-2.760228051588087261e+00
3.874800484054509164e-01
-2.128727469088451674e+00
-8.219531298584478174e-01
-2.760228052626161777e+00
3.880673576465929475e-01
-2.141721968636765450e+00
-8.271638706383400708e-01
-2.760228053379417901e+00
3.884318469637194626e-01
-2.141721968636765450e+00
-8.271638706383400708e-01
-2.760228053379417901e+00
3.884318469637194626e-01
-2.147182758919733203e+00
-8.293536250386344122e-01
-2.760228053718255303e+00
3.886873384315503444e-01
-2.164458696559766970e+00
-8.362812048263453812e-01
-2.760228054790212937e+00
3.894115691573111215e-01
-2.176998160186380815e+00
-8.413094780434571263e-01
-2.760228055568276329e+00
3.898656779413579021e-01
-2.176998160186380815e+00
-8.413094780434571263e-01
-2.760228055568276329e+00
3.898656779413579021e-01
-2.182698024665682190e+00
-8.435951001950244832e-01
-2.760228055982148820e+00
3.900730021620235077e-01
-2.200725850175445419e+00
-8.508241838647453426e-01
-2.760228057291166159e+00
3.906584981549673374e-01
-2.213807209383714447e+00
-8.560697549331960365e-01
-2.760228058241016580e+00
3.910237400213272818e-01
-2.213807209383714447e+00
-8.560697549331960365e-01
-2.760228058241016580e+00
3.910237400213272818e-01
-2.219084720445078318e+00
-8.581860150893300121e-01
-2.760228058632170800e+00
3.913045130936275706e-01
-2.235782912168253755e+00
-8.648819210436784477e-01
-2.760228059869793693e+00
3.921072453341120645e-01
-2.247904965560382440e+00
-8.697428144015918461e-01
-2.760228060768246561e+00
3.926164819747776091e-01
-2.247904965560382440e+00
-8.697428144015918461e-01
-2.760228060768246561e+00
3.926164819747776091e-01
-2.253644820810217997e+00
-8.720444726496213717e-01
-2.760228061287592904e+00
3.928026210909769667e-01
-2.271797136844266429e+00
-8.793234763825220623e-01
-2.760228062930027093e+00
3.933299949601931633e-01
-2.284967180343553839e+00
-8.846046093917064868e-01
-2.760228064121662328e+00
3.936604404835130078e-01
-2.284967180343553839e+00
-8.846046093917064868e-01
-2.760228064121662328e+00
3.936604404835130078e-01
-2.290722472559508560e+00
-8.869124577752410810e-01
-2.760228064702847206e+00
3.938630387003332900e-01
-2.308925062283169627e+00
-8.942116209708675933e-01
-2.760228066540991065e+00
3.944380709627784976e-01
-2.322132845498582121e+00
-8.995078873902476735e-01
-2.760228067874746838e+00
3.947992593151334328e-01
-2.322132845498582121e+00
-8.995078873902476735e-01
-2.760228067874746838e+00
3.947992593151334328e-01
-2.327904828212879362e+00
-9.018224285674242280e-01
-2.760228068528221446e+00
3.950156921812096322e-01
-2.346161419246734159e+00
-9.091432459759132279e-01
-2.760228070595138306e+00
3.956310977614844737e-01
-2.359409449154863836e+00
-9.144556510847910991e-01
-2.760228072095012752e+00
3.960185965410306097e-01
-2.359409449154863836e+00
-9.144556510847910991e-01
-2.760228072095012752e+00
3.960185965410306097e-01
-2.364976853256030687e+00
-9.166881570562738224e-01
-2.760228072774656205e+00
3.962733529123741993e-01
-2.382589720036886405e+00
-9.237508436131696143e-01
-2.760228074924753194e+00
3.970025108583384865e-01
-2.395373609239886292e+00
-9.288771301545589720e-01
-2.760228076485352400e+00
3.974657709575244446e-01
-2.395373609239886292e+00
-9.288771301545589720e-01
-2.760228076485352400e+00
3.974657709575244446e-01
-2.401407887366062255e+00
-9.312968506393433099e-01
-2.760228077391091883e+00
3.976535626684622460e-01
-2.420491280273639578e+00
-9.389492119525113534e-01
-2.760228080255491712e+00
3.981867349520114008e-01
-2.434336846394420828e+00
-9.445012264342541597e-01
-2.760228082333699540e+00
3.985217718549936006e-01
-2.434336846394420828e+00
-9.445012264342541597e-01
-2.760228082333699540e+00
3.985217718549936006e-01
-2.439939583097660236e+00
-9.467479005606560527e-01
-2.760228083208375871e+00
3.987901600796129875e-01
-2.457665318549760780e+00
-9.538558467503628346e-01
-2.760228085975644507e+00
3.995607655986637696e-01
-2.470532130251214209e+00
-9.590153846900993928e-01
-2.760228087984359480e+00
4.000524656232925524e-01
-2.470532130251214209e+00
-9.590153846900993928e-01
-2.760228087984359480e+00
4.000524656232925524e-01
-2.476381012376945634e+00
-9.613607620644315510e-01
-2.760228089061016465e+00
4.002852090192117185e-01
-2.494882131129945613e+00
-9.687796335870205722e-01
-2.760228092466684657e+00
4.009513853345619827e-01
-2.508308827239688732e+00
-9.741636827298633117e-01
-2.760228094938258714e+00
4.013746508635948618e-01
-2.508308827239688732e+00
-9.741636827298633117e-01
-2.760228094938258714e+00
4.013746508635948618e-01
-2.513951535584444397e+00
-9.764263852288025403e-01
-2.760228096061230652e+00
4.016340920914867052e-01
-2.531802826447036026e+00
-9.835846783219102107e-01
-2.760228099613867947e+00
4.023811241754566836e-01
-2.544760049705132143e+00
-9.887804706959837375e-01
-2.760228102192523458e+00
4.028596200810038441e-01
-2.544760049705132143e+00
-9.887804706959837375e-01
-2.760228102192523458e+00
4.028596200810038441e-01
-2.550649973832027850e+00
-9.911423056363245498e-01
-2.760228103566318758e+00
4.030864042470236885e-01
-2.569280268054470628e+00
-9.986129756366695087e-01
-2.760228107911738338e+00
4.037374115751053427e-01
-2.582800202178613613e+00
-1.004034412569747570e+00
-2.760228111065194501e+00
4.041526747892321692e-01
-2.582800202178613613e+00
-1.004034412569747570e+00
-2.760228111065194501e+00
4.041526747892321692e-01
-2.588254744003513963e+00
-1.006221660971162057e+00
-2.760228112370651576e+00
4.044194472295974396e-01
-2.605511309794660502e+00
-1.013141471443838260e+00
-2.760228116500733631e+00
4.051927839430761735e-01
-2.618037466780071654e+00
-1.018164407782671477e+00
-2.760228119498670196e+00
4.056926691801498452e-01
-2.618037466780071654e+00
-1.018164407782671477e+00
-2.760228119498670196e+00
4.056926691801498452e-01
-2.623968615925846848e+00
-1.020542773654102175e+00
-2.760228121223476272e+00
4.059027455542014162e-01
-2.642727681741831258e+00
-1.028065080100352802e+00
-2.760228126678699656e+00
4.065073195762048397e-01
-2.656339703103979044e+00
-1.033523443307152734e+00
-2.760228130637139010e+00
4.068942903884451012e-01
-2.656339703103979044e+00
-1.033523443307152734e+00
-2.760228130637139010e+00
4.068942903884451012e-01
-2.662517165288196264e+00
-1.036000579582701642e+00
-2.760228132729707795e+00
4.070923602377288231e-01
-2.682054049282492691e+00
-1.043834787547080145e+00
-2.760228139347678855e+00
4.076608180590278185e-01
-2.696229375394358474e+00
-1.049519033352101172e+00
-2.760228144149463603e+00
4.080233185482799452e-01
-2.696229375394358474e+00
-1.049519033352101172e+00
-2.760228144149463603e+00
4.080233185482799452e-01
-2.701736103401512601e+00
-1.051727207967537936e+00
-2.760228145981020287e+00
4.082850654971426074e-01
-2.719157180400963991e+00
-1.058712986006533407e+00
-2.760228151775329763e+00
4.090463954262643087e-01
-2.731802301589424609e+00
-1.063783625934423549e+00
-2.760228155981140574e+00
4.095407641443189473e-01
-2.731802301589424609e+00
-1.063783625934423549e+00
-2.760228155981140574e+00
4.095407641443189473e-01
-2.737789726491462350e+00
-1.066184557875049288e+00
-2.760228158373377649e+00
4.097553338489015040e-01
-2.756727055100471002e+00
-1.073778346058778421e+00
-2.760228165939663469e+00
4.103751798472472512e-01
-2.770468726377399715e+00
-1.079288697658519425e+00
-2.760228171430059607e+00
4.107739650848404311e-01
-2.770468726377399715e+00
-1.079288697658519425e+00
-2.760228171430059607e+00
4.107739650848404311e-01
-2.776474251400202764e+00
-1.081696887555667841e+00
-2.760228174080185504e+00
4.109908188219965064e-01
-2.795468991490544841e+00
-1.089313697123579061e+00
-2.760228182462208579e+00
4.116179959440891545e-01
-2.809252484016618645e+00
-1.094840818582185404e+00
-2.760228188544607164e+00
4.120221369494021513e-01
-2.809252484016618645e+00
-1.094840818582185404e+00
-2.760228188544607164e+00
4.120221369494021513e-01
-2.815276276662828092e+00
-1.097256333590859168e+00
-2.760228191471200354e+00
4.122423070112795629e-01
-2.834329051687799250e+00
-1.104896414503508950e+00
-2.760228200727780301e+00
4.128798254874597173e-01
-2.848154899897558767e+00
-1.110440520095898442e+00
-2.760228207444916038e+00
4.132912849482360818e-01
-2.848154899897558767e+00
-1.110440520095898442e+00
-2.760228207444916038e+00
4.132912849482360818e-01
-2.854197190809584672e+00
-1.112863452689177413e+00
-2.760228210657609704e+00
4.135125466852752063e-01
-2.873308526335260016e+00
-1.120527015652955871e+00
-2.760228220819129330e+00
4.141539461529193389e-01
-2.887176933871090423e+00
-1.126088187006890395e+00
-2.760228228192978861e+00
4.145685394746657093e-01
-2.887176933871090423e+00
-1.126088187006890395e+00
-2.760228228192978861e+00
4.145685394746657093e-01
-2.893004838194850770e+00
-1.128425151359347067e+00
-2.760228231418970335e+00
4.147963522346345133e-01
-2.911438656375321177e+00
-1.135817032340356247e+00
-2.760228241622868506e+00
4.154597953781906661e-01
-2.924815990174921332e+00
-1.141181284922304418e+00
-2.760228249027789627e+00
4.158913164912884652e-01
-2.924815990174921332e+00
-1.141181284922304418e+00
-2.760228249027789627e+00
4.158913164912884652e-01
-2.930662407625146404e+00
-1.143525672809781790e+00
-2.760228252504774549e+00
4.161083321606600105e-01
-2.949153780945697356e+00
-1.150940632671323405e+00
-2.760228263501974144e+00
4.167408592054266392e-01
-2.962572019575806959e+00
-1.156321287552779742e+00
-2.760228271482077389e+00
4.171527344717175234e-01
-2.962572019575806959e+00
-1.156321287552779742e+00
-2.760228271482077389e+00
4.171527344717175234e-01
-2.968670662934229210e+00
-1.158766816757332618e+00
-2.760228275524852393e+00
4.173543082143064131e-01
-2.987958287864076912e+00
-1.166501069464247031e+00
-2.760228288310567546e+00
4.179402768000966550e-01
-3.001952969501320290e+00
-1.172112875027278234e+00
-2.760228297587605351e+00
4.183204773043435742e-01
-3.001952969501320290e+00
-1.172112875027278234e+00
-2.760228297587605351e+00
4.183204773043435742e-01
-3.008303834776083541e+00
-1.174659543906038106e+00
-2.760228302262017763e+00
4.185155122075297496e-01
-3.028388436910451453e+00
-1.182713380280194349e+00
-2.760228317044838509e+00
4.190810685295096039e-01
-3.042960736399704658e+00
-1.188556807526775394e+00
-2.760228327770453127e+00
4.194467979769951338e-01
-3.042960736399704658e+00
-1.188556807526775394e+00
-2.760228327770453127e+00
4.194467979769951338e-01
-3.048857053235516368e+00
-1.190921204289794311e+00
-2.760228332014020847e+00
4.196542106124802052e-01
-3.067505272831803964e+00
-1.198399057015465674e+00
-2.760228345435106423e+00
4.202602717390196974e-01
-3.081036510110588544e+00
-1.203825022515965681e+00
-2.760228355173511616e+00
4.206562539630388509e-01
-3.081036510110588544e+00
-1.203825022515965681e+00
-2.760228355173511616e+00
4.206562539630388509e-01
-3.086949754000205104e+00
-1.206196206758393119e+00
-2.760228359621609950e+00
4.208537686334700156e-01
-3.105650592141474320e+00
-1.213695158663651297e+00
-2.760228373688874193e+00
4.214313090616510493e-01
-3.119219216217392177e+00
-1.219136115642286633e+00
-2.760228383895553250e+00
4.218090097055781085e-01
-3.119219216217392177e+00
-1.219136115642286633e+00
-2.760228383895553250e+00
4.218090097055781085e-01
-3.125385795796660204e+00
-1.221608886141475114e+00
-2.760228388903787078e+00
4.219943885636658343e-01
-3.144886628017231178e+00
-1.229428631358369994e+00
-2.760228404741531971e+00
4.225350464735526668e-01
-3.159034616860342037e+00
-1.235101910450119300e+00
-2.760228416231926829e+00
4.228873997532045514e-01
-3.159034616860342037e+00
-1.235101910450119300e+00
-2.760228416231926829e+00
4.228873997532045514e-01
-3.164979098956848702e+00
-1.237485620643043793e+00
-2.760228421006473365e+00
4.230683329806195769e-01
-3.183777189020360332e+00
-1.245023568756174592e+00
-2.760228436104903871e+00
4.235980637953483674e-01
-3.197415041196090879e+00
-1.250492284878482518e+00
-2.760228447058685752e+00
4.239450925721495733e-01
-3.197415041196090879e+00
-1.250492284878482518e+00
-2.760228447058685752e+00
4.239450925721495733e-01
-3.203612737336996030e+00
-1.252977532516205139e+00
-2.760228452344398065e+00
4.241163359249041642e-01
-3.223210604860949680e+00
-1.260836186975856421e+00
-2.760228469058461087e+00
4.246164132342389874e-01
-3.237427814840148077e+00
-1.266537222346500124e+00
-2.760228481183625515e+00
4.249428871118193785e-01
-3.237427814840148077e+00
-1.266537222346500124e+00
-2.760228481183625515e+00
4.249428871118193785e-01
-3.243639987927962487e+00
-1.269028274925355859e+00
-2.760228486545245108e+00
4.251079462390245922e-01
-3.263283036036582985e+00
-1.276905045803325534e+00
-2.760228503498819652e+00
4.255902512773334645e-01
-3.277532506175580007e+00
-1.282619016773853815e+00
-2.760228515797291227e+00
4.259053752779967117e-01
-3.277532506175580007e+00
-1.282619016773853815e+00
-2.760228515797291227e+00
4.259053752779967117e-01
-3.283519233366052781e+00
-1.285019666359959345e+00
-2.760228520767290306e+00
4.260625199905123117e-01
-3.302448717351838425e+00
-1.292610300622929032e+00
-2.760228536481971418e+00
4.265233517334237612e-01
-3.316179983408963139e+00
-1.298116473669966187e+00
-2.760228547881251160e+00
4.268259044562754401e-01
-3.316179983408963139e+00
-1.298116473669966187e+00
-2.760228547881251160e+00
4.268259044562754401e-01
-3.322419620428939346e+00
-1.300618538676468372e+00
-2.760228553215786196e+00
4.269747828658693733e-01
-3.342147970277835611e+00
-1.308529513633607921e+00
-2.760228570082402744e+00
4.274102493035363270e-01
-3.356457980994648427e+00
-1.314267759990552120e+00
-2.760228582316648804e+00
4.276951589905346740e-01
-3.356457980994648427e+00
-1.314267759990552120e+00
-2.760228582316648804e+00
4.276951589905346740e-01
-3.362710202723258046e+00
-1.316774871159109406e+00
-2.760228587551201151e+00
4.278360727210037684e-01
-3.382477588722259565e+00
-1.324701498652464560e+00
-2.760228604101064409e+00
4.282484282288451793e-01
-3.396815257312573610e+00
-1.330450835127580334e+00
-2.760228616105001365e+00
4.285183806508007232e-01
-3.396815257312573610e+00
-1.330450835127580334e+00
-2.760228616105001365e+00
4.285183806508007232e-01
-3.402838577147116794e+00
-1.332866157500460114e+00
-2.760228620788020670e+00
4.286485082919502254e-01
-3.421881303346815173e+00
-1.340502199184571808e+00
-2.760228635593385160e+00
4.290305805568185860e-01
-3.435692560313225563e+00
-1.346040446644545252e+00
-2.760228646331380542e+00
4.292818387680829018e-01
-3.435692560313225563e+00
-1.346040446644545252e+00
-2.760228646331380542e+00
4.292818387680829018e-01
-3.441967836948049531e+00
-1.348556802266759558e+00
-2.760228651162123459e+00
4.294043459391454487e-01
-3.461806384912679668e+00
-1.356511963952817590e+00
-2.760228666433945044e+00
4.297631023734365119e-01
-3.476194155950862896e+00
-1.362281390261135927e+00
-2.760228677509729778e+00
4.299981981008718646e-01
-3.476194155950862896e+00
-1.362281390261135927e+00
-2.760228677509729778e+00
4.299981981008718646e-01
-3.482238070820824927e+00
-1.364704970728381817e+00
-2.760228681699255393e+00
4.301085380647451384e-01
-3.501344124605946018e+00
-1.372366405177339432e+00
-2.760228694943203998e+00
4.304327040297645235e-01
-3.515199744295090412e+00
-1.377922440959580719e+00
-2.760228704547652789e+00
4.306460522720548245e-01
-3.515199744295090412e+00
-1.377922440959580719e+00
-2.760228704547652789e+00
4.306460522720548245e-01
-3.521494877404051316e+00
-1.380446758526201911e+00
-2.760228708719391744e+00
4.307489472357531879e-01
-3.541394368406681092e+00
-1.388426356824304264e+00
-2.760228721906639038e+00
4.310504364931818655e-01
-3.555824732507543384e+00
-1.394212861866741315e+00
-2.760228731469535735e+00
4.312481509861086915e-01
-3.555824732507543384e+00
-1.394212861866741315e+00
-2.760228731469535735e+00
4.312481509861086915e-01
-3.561886071636320317e+00
-1.396643429018500360e+00
-2.760228734940878059e+00
4.313384207828265260e-01
-3.581045407676892722e+00
-1.404326228292186451e+00
-2.760228745913468895e+00
4.316037379301300714e-01
-3.594938083068015544e+00
-1.409897122463791508e+00
-2.760228753869833351e+00
4.317784565953124432e-01
-3.594938083068015544e+00
-1.409897122463791508e+00
-2.760228753869833351e+00
4.317784565953124432e-01
-3.601492375232812737e+00
-1.412525361190896778e+00
-2.760228757414480150e+00
4.318639984795787368e-01
-3.622209400166069848e+00
-1.420832785502869067e+00
-2.760228768618517847e+00
4.321140215953486186e-01
-3.637231103560279788e+00
-1.426856413938675683e+00
-2.760228776742451373e+00
4.322774389002675410e-01
-3.637231103560279788e+00
-1.426856413938675683e+00
-2.760228776742451373e+00
4.322774389002675410e-01
-3.643063738728199663e+00
-1.429195271650186116e+00
-2.760228779103682140e+00
4.323454027891776019e-01
-3.661498263166949041e+00
-1.436587424217115494e+00
-2.760228786566546688e+00
4.325457903863749176e-01
-3.674863707934496571e+00
-1.441946900960544564e+00
-2.760228791977291873e+00
4.326783107103093773e-01
-3.674863707934496571e+00
-1.441946900960544564e+00
-2.760228791977291873e+00
4.326783107103093773e-01
-3.681188190474094846e+00
-1.444482986920808898e+00
-2.760228794194930835e+00
4.327416496075384700e-01
-3.701176786849161626e+00
-1.452498314283611425e+00
-2.760228801203802096e+00
4.329273529460899717e-01
-3.715668540033273626e+00
-1.458309434865536769e+00
-2.760228806285241809e+00
4.330492379600385799e-01
-3.715668540033273626e+00
-1.458309434865536769e+00
-2.760228806285241809e+00
4.330492379600385799e-01
-3.721998435125732030e+00
-1.460847691144386173e+00
-2.760228807921127459e+00
4.331029278877682187e-01
-3.742003247637348817e+00
-1.468869520846604271e+00
-2.760228813091129219e+00
4.332603523888374220e-01
-3.756505973859516345e+00
-1.474685041407113539e+00
-2.760228816839184862e+00
4.333636864211243833e-01
-3.756505973859516345e+00
-1.474685041407113539e+00
-2.760228816839184862e+00
4.333636864211243833e-01
-3.762840335608368392e+00
-1.477225088732780689e+00
-2.760228817874440299e+00
4.334083031114073226e-01
-3.782858428216079538e+00
-1.485252243526304028e+00
-2.760228821146092137e+00
4.335391298167809437e-01
-3.797370045746869760e+00
-1.491071329368064635e+00
-2.760228823517794972e+00
4.336250101017664060e-01
-3.797370045746869760e+00
-1.491071329368064635e+00
-2.760228823517794972e+00
4.336250101017664060e-01
-3.803464458534339343e+00
-1.493515158332743287e+00
-2.760228823911753615e+00
4.336599181943361914e-01
-3.822723401588478787e+00
-1.501237897896745777e+00
-2.760228825156700871e+00
4.337625708198806218e-01
-3.836683948335320338e+00
-1.506836007100285979e+00
-2.760228826059146989e+00
4.338302163968795200e-01
-3.836683948335320338e+00
-1.506836007100285979e+00
-2.760228826059146989e+00
4.338302163968795200e-01
