0 77.5
1 77.38
2 76.75
3 76.31
4 76
5 75.75
6 75.38
7 75.06
8 74.81
9 74.44
10 74.13
11 73.88
12 73.81
13 73.38
14 73.06
15 72.56
16 72.19
17 71.81
18 71.81
19 71.81
20 71.19
21 70.88
22 70.5
23 70.13
24 69.63
25 69.63
26 69
27 68.63
28 68.5
29 68.06
30 67.75
31 67.38
32 67.13
33 66.5
34 66.13
35 64.69
36 64.69
37 64.69
38 64.69
39 64.69
40 64.69
41 64.69
42 64.19
43 63.75
44 63.5
45 63.25
46 62.88
47 62.63
48 62.31
49 61.94
50 61.63
51 61.31
52 61.19
53 60.69
54 60.44
55 60.31
56 59.81
57 59.81
58 59.25
59 58.88
60 58.88
61 58.81
62 58.38
63 58.06
64 57.69
65 57.63
66 57.19
67 57
68 56.56
69 56.25
70 55.56
71 55.56
72 55.56
73 55.56
74 55.56
75 55.25
76 54.94
77 54.69
78 54.38
79 54.06
80 54
81 53.56
82 53.44
83 53
84 52.88
85 52.38
86 51.94
87 51.94
88 51.94
89 51.94
90 51.44
91 51.13
92 50.75
93 50.81
94 50.56
95 50.25
96 49.94
97 49.94
98 49.94
99 49.5
100 49.25
101 49
102 48.69
103 48.69
104 48.25
105 47.88
106 47.88
107 47.88
108 47.38
109 47.25
110 47.19
111 46.75
112 46.81
113 46.25
114 45.88
115 45.5
116 45.38
117 44.88
118 43.38
119 43.38
120 43.38
121 43.38
122 43.38
123 43.38
124 43.38
125 43.38
126 43.38
127 43.38
128 43.38
129 43.38
130 43.38
131 43.38
132 43.38
133 43.38
134 43.38
135 42.75
136 42.5
137 42.31
138 42.13
139 41.94
140 41.75
141 41.56
142 41.31
143 41.13
144 40.94
145 40.81
146 40.69
147 40.44
148 40.31
149 40.13
150 40.13
151 39.88
152 39.69
153 39.69
154 39.5
155 39.25
156 39.13
157 39.13
158 39.06
159 38.81
160 38.63
161 38.38
162 38.38
163 38.38
164 38.38
165 38.13
166 37.94
167 37.81
168 37.69
169 37.38
170 37.31
171 37.31
172 37.31
173 37.31
174 37.06
175 36.81
176 36.75
177 36.56
178 36.56
179 36.44
180 36.25
181 36.13
182 35.94
183 35.63
184 35.63
185 35.63
186 35.63
187 35.63
188 35.63
189 35.63
190 35.38
191 35.25
192 35.13
193 34.88
194 34.88
195 34.69
196 34.5
197 34.38
198 34.44
199 34.38
200 34.31
201 34.19
202 34
203 33.88
204 33.88
205 33.63
206 33.63
207 33.5
208 33.38
209 33.25
210 32.75
211 32.69
212 32.69
213 32.69
214 32.69
215 32.69
216 32.69
217 32.69
218 32.69
219 32.69
220 32.69
221 32.69
222 32.69
223 32.5
224 32.38
225 32.25
226 32.19
227 32.13
228 32
229 31.94
230 31.88
231 31.75
232 31.69
233 31.63
234 31.63
235 31.44
236 31.44
237 31.31
238 31.19
239 31.19
240 31.19
241 31.19
242 31.13
243 31
244 30.94
245 30.81
246 30.75
