0 83.56
10 83.38
20 82.69
30 82.19
40 81.75
50 81.31
60 80.75
70 80.25
80 79.94
90 79.5
100 78.94
110 78.25
120 77.5
130 77.5
140 77.5
150 77.5
160 76.94
170 76.44
180 76
190 75.56
200 75
210 74.75
220 74.19
230 73.88
240 73.63
250 73.06
260 72.94
270 72.5
280 71.81
290 71.81
300 71.75
310 71.13
320 70.56
330 70.56
340 69.94
350 69.63
360 69.5
370 69
380 68.5
390 68.5
400 67.88
410 67.69
420 67.25
430 66.94
440 66.5
450 66.13
460 64.75
470 64.75
480 64.69
490 64.69
500 64.69
510 64.69
520 64.69
530 64.31
540 63.81
550 63.5
560 63.31
570 62.88
580 62.63
590 62.31
600 61.94
610 61.63
620 61.38
630 61.38
640 61
650 60.5
660 60.44
670 60.44
680 60.06
690 59.81
700 59.38
710 59.25
720 58.88
730 58.88
740 58.88
750 58.63
760 58.19
770 57.63
780 57.63
790 57.25
800 57.06
810 56.69
820 56.19
830 55.56
840 55.56
850 55.56
860 55.56
870 55.56
880 55.56
890 55.19
900 54.88
910 54.56
920 54.38
930 54.06
940 54.06
