8.792772831151585895e-08
9.999999988402028528e-01
4.495807945293941375e-09
1.000000000000000000e+00
-9.280793902465073867e-07
9.999999986777730054e-01
-5.815278210328579970e-04
9.999903312030541391e-01
-4.210608871625958760e-01
-3.201571055900912510e-01
3.955559756376808567e-01
-3.162429885612643155e-01
3.185840193973093482e-01
-2.993676417503339238e-01
2.108857975825459419e-01
-2.621762610512799463e-01
1.989429538138347275e-01
-2.139750710036722459e-01
1.131790721712879894e-01
-9.046327495489209225e-02
7.371133890393359589e-02
1.405109896347933873e-01
5.010994393654361057e-02
3.484769358933636485e-01
3.461322206201019464e-02
4.951554075918970788e-01
2.862750574203760251e-02
5.474190147035534748e-01
1.929410920171764632e-02
5.398155303116817239e-01
9.466301607278609226e-03
5.817922965718107520e-01
9.155396711311407018e-03
5.815541052943935529e-01
5.966381348902254078e-03
5.703827629470334948e-01
6.991555834479645098e-03
5.691038867060272954e-01
4.420539208372635358e-03
5.669315031189371412e-01
3.946928537157894275e-03
5.602828332981282244e-01
2.548453072526768882e-03
5.432261859695904915e-01
1.611707723100825945e-03
5.482435915592454023e-01
1.934796238873324678e-03
5.528732642495491900e-01
1.289774078290748058e-03
5.300658203826656978e-01
1.018990866160012637e-03
5.319920787253262784e-01
8.282034038740477156e-04
5.229406630361401742e-01
6.753907214451487350e-04
5.148447812296392812e-01
5.426696468486625962e-04
5.153801533320417905e-01
5.273420718420500841e-04
4.999464839257943272e-01
2.915928483904830517e-04
4.758019774672280766e-01
2.885730427530417514e-04
4.981813951564528775e-01
2.840945340580886946e-04
4.843951415174123643e-01
1.895657091358647942e-04
4.614761407064579823e-01
1.502109644682271658e-04
4.503525796633038869e-01
1.220087661881092160e-04
4.279775511408491773e-01
1.020664250343108966e-04
3.879269878119687154e-01
8.706178404832574708e-05
4.867401250250391609e-01
6.881211116012708750e-05
4.106233265259668919e-01
4.689190000029960309e-05
5.142442686269972363e-01
3.766719342000619797e-05
5.463301183768712876e-01
1.953736937812080554e-05
4.932608029794477988e-01
1.070402252321032335e-05
4.350599298074891985e-01
5.051049633201581508e-06
3.628441404403250914e-01
1.516350961237978235e-06
2.985217999683665857e-01
2.708471801206505866e-07
2.807526795671398956e-01
-1.702669362611070374e-06
2.325920033698879452e-01
-7.521773966397251604e-07
3.091304701156189494e-01
-3.395365034608052482e-07
3.357190455701964948e-01
5.341414646458316762e-01
2.110531630324214702e-01
-4.824963024328660088e-01
2.320499279098756062e+01
5.790628418403516164e-01
1.875238943127172930e-01
-4.824962504746548864e-01
1.416695356926540583e+01
6.513123451002698072e-01
1.496804896718243738e-01
-4.824961669074285253e-01
4.783632055346266121e+00
6.786520623735063928e-01
1.353602837724110497e-01
-4.824961352850072882e-01
5.116886668671003946e+00
6.786520623735063928e-01
1.353602837724110497e-01
-4.824961352850072882e-01
5.116886668671003946e+00
6.920313266484594550e-01
1.283523903209538020e-01
-4.824961344937545582e-01
4.894444984787894803e+00
7.314984849260510735e-01
1.076799801390612155e-01
-4.824961321596576425e-01
4.460749476042710882e+00
7.583546237400415890e-01
9.361306630475214885e-02
-4.824961305713794668e-01
4.305375146177708778e+00
7.583546237400415890e-01
9.361306630475214885e-02
-4.824961305713794668e-01
4.305375146177708778e+00
7.698327924373543629e-01
8.760093952775584170e-02
-4.824962707019987973e-01
4.257533501173463186e+00
8.054541388305477279e-01
6.894289355800529984e-02
-4.824967055833991325e-01
4.155970751585707390e+00
8.308439966824291423e-01
5.564396992011440279e-02
-4.824970155542515626e-01
4.114591796471489538e+00
8.308439966824291423e-01
5.564396992011440279e-02
-4.824970155542515626e-01
4.114591796471489538e+00
8.418614025221334840e-01
4.987094310893355059e-02
-4.825813027265782318e-01
4.101544801041512756e+00
8.764897785300437283e-01
3.171827670658766696e-02
-4.828462466292510746e-01
4.073217485872696386e+00
9.014633049750296889e-01
1.861954759992739614e-02
-4.830373435313340402e-01
4.061304679636157822e+00
9.014633049750296889e-01
1.861954759992739614e-02
-4.830373435313340402e-01
4.061304679636157822e+00
9.102704827659012787e-01
1.251696329921079924e-02
-5.355755882288246728e-01
3.207677478990570652e+00
9.282200664915045696e-01
-1.643068312776701590e-03
-6.478905662553984257e-01
1.745581790383553544e+00
9.356737665034251528e-01
-8.782951653080800156e-03
-6.984985498574328711e-01
1.317716032423282613e+00
9.356737665034251528e-01
-8.782951653080800156e-03
-6.984985498574328711e-01
1.317716032423282613e+00
9.393367307889575191e-01
-1.132313042158751733e-02
-6.779549105687420196e-01
1.156774331380746368e+00
9.487212632346282426e-01
-1.739662260949241882e-02
-6.264183087429068264e-01
8.189075900345509362e-01
9.540428238843664532e-01
-2.052724573075431075e-02
-5.979614802170510890e-01
6.796571048561512729e-01
9.540428238843664532e-01
-2.052724573075431075e-02
-5.979614802170510890e-01
6.796571048561512729e-01
9.557661779925459289e-01
-2.153700429624694906e-02
-5.905464863262824826e-01
6.420539463958823134e-01
9.607056742077194622e-01
-2.434073282947630049e-02
-5.694604073731508453e-01
5.504328232422724954e-01
9.639070923979151662e-01
-2.608408355736085982e-02
-5.559275368988022548e-01
5.036763048067726123e-01
9.639070923979151662e-01
-2.608408355736085982e-02
-5.559275368988022548e-01
5.036763048067726123e-01
9.649570477232396470e-01
-2.667426963093814593e-02
-5.529676865330205304e-01
4.911224306409585627e-01
9.681290404057802945e-01
-2.843284617233077932e-02
-5.440549611205129921e-01
4.578500067934183626e-01
9.703115440666869596e-01
-2.962139368863171696e-02
-5.379479244099752977e-01
4.387828171031682989e-01
9.703115440666869596e-01
-2.962139368863171696e-02
-5.379479244099752977e-01
4.387828171031682989e-01
9.716976149998473034e-01
-3.037169357115862903e-02
-5.342941100159587231e-01
4.291262940734413833e-01
9.759174969601784877e-01
-3.261637928452876256e-02
-5.232134187180779161e-01
4.046500525903969914e-01
9.788542792289702810e-01
-3.414321386529270419e-02
-5.155400885449050730e-01
3.914990309247332601e-01
9.788542792289702810e-01
-3.414321386529270419e-02
-5.155400885449050730e-01
3.914990309247332601e-01
9.798950330940778830e-01
-3.470107891311470516e-02
-5.139827347698833204e-01
3.884374753085083620e-01
9.831391574870398387e-01
-3.642667891286777149e-02
-5.091365880484481909e-01
3.798795754054938301e-01
9.854534313687254299e-01
-3.764537592957960949e-02
-5.056870643163459134e-01
3.746088337963059955e-01
9.854534313687254299e-01
-3.764537592957960949e-02
-5.056870643163459134e-01
3.746088337963059955e-01
9.864527387111611256e-01
-3.817892107747504482e-02
-5.047140342607495667e-01
3.735495747590596438e-01
9.895950679024240193e-01
-3.984853183451277092e-02
-5.016576140953452612e-01
3.702479421326146380e-01
9.918583080192806545e-01
-4.104344213899047134e-02
-4.994593112146586411e-01
3.678959825699883446e-01
9.918583080192806545e-01
-4.104344213899047134e-02
-4.994593112146586411e-01
3.678959825699883446e-01
9.928413081616861424e-01
-4.156660139137623167e-02
-4.988090880912331992e-01
3.675305296860629789e-01
9.959426802690357627e-01
-4.321180162746867531e-02
-4.967591009021945503e-01
3.662732304940837791e-01
9.981854672235511705e-01
-4.439647526586805448e-02
-4.952780178299029945e-01
3.652549290824607109e-01
9.981854672235511705e-01
-4.439647526586805448e-02
-4.952780178299029945e-01
3.652549290824607109e-01
9.991622771597988839e-01
-4.491512489003108427e-02
-4.948319374859912467e-01
3.651647753304937405e-01
1.002248396448120360e+00
-4.655007156769810917e-02
-4.934232906457489687e-01
3.648324075333951866e-01
1.004484539955679878e+00
-4.773124781986916310e-02
-4.924032673156173989e-01
3.645378533855846426e-01
1.004484539955679878e+00
-4.773124781986916310e-02
-4.924032673156173989e-01
3.645378533855846426e-01
1.005655606013407199e+00
-4.835053286569919451e-02
-4.919613498245700156e-01
3.645210564162044142e-01
1.009357098848379541e+00
-5.030361116130817323e-02
-4.905652196876768567e-01
3.644553592610551007e-01
1.012040957906941374e+00
-5.171561099695859420e-02
-4.895535628820226748e-01
3.643923508386416321e-01
1.012040957906941374e+00
-5.171561099695859420e-02
-4.895535628820226748e-01
3.643923508386416321e-01
1.013212052358070991e+00
-5.233355576848596619e-02
-4.892558584046283743e-01
3.643373642980750615e-01
1.016912151283392296e+00
-5.428303851606547381e-02
-4.883155614480269024e-01
3.641231731633262636e-01
1.019593359442676928e+00
-5.569291940929822771e-02
-4.876344833541237933e-01
3.639188728917210902e-01
1.019593359442676928e+00
-5.569291940929822771e-02
-4.876344833541237933e-01
3.639188728917210902e-01
1.020373017711527996e+00
-5.610446984693729516e-02
-4.875372336207246526e-01
3.639293229254398354e-01
1.022836842277884850e+00
-5.740438721927922094e-02
-4.872299442377757139e-01
3.639679194629066306e-01
1.024622916880968182e+00
-5.834611773728169692e-02
-4.870072152902719109e-01
3.640022041512785966e-01
1.024622916880968182e+00
-5.834611773728169692e-02
-4.870072152902719109e-01
3.640022041512785966e-01
1.025598123049425769e+00
-5.886017323919871813e-02
-4.868896049087316213e-01
3.640230298125862185e-01
1.028680178305483750e+00
-6.048383816495940535e-02
-4.865179553182714112e-01
3.641029475704526397e-01
1.030914740030870025e+00
-6.166011810523191333e-02
-4.862485462033362404e-01
3.641776411141822156e-01
1.030914740030870025e+00
-6.166011810523191333e-02
-4.862485462033362404e-01
3.641776411141822156e-01
1.031695274452921307e+00
-6.207146686485606746e-02
-4.861872047062181790e-01
3.641861060242261305e-01
1.034161739597000418e+00
-6.337091444723821909e-02
-4.859933804625652942e-01
3.642172372940476466e-01
1.035949600386475211e+00
-6.431246019306738337e-02
-4.858528959087476951e-01
3.642447355464177305e-01
1.035949600386475211e+00
-6.431246019306738337e-02
-4.858528959087476951e-01
3.642447355464177305e-01
1.037120992701717981e+00
-6.492886006247074182e-02
-4.857450547233563842e-01
3.642616318796403907e-01
1.040822949595435976e+00
-6.687581147161295037e-02
-4.854042839051061486e-01
3.643284997852668794e-01
1.043506832548535490e+00
-6.828632560412725705e-02
-4.851572665279874075e-01
3.643936692762475005e-01
1.043506832548535490e+00
-6.828632560412725705e-02
-4.851572665279874075e-01
3.643936692762475005e-01
1.044483537020533426e+00
-6.880008617324344378e-02
-4.851004189938884492e-01
3.644163506842084677e-01
1.047570156036636613e+00
-7.042322616252472134e-02
-4.849207784027854129e-01
3.645028023852769916e-01
1.049807867428952157e+00
-7.159951415943369146e-02
-4.847905546690305378e-01
3.645828720869183637e-01
1.049807867428952157e+00
-7.159951415943369146e-02
-4.847905546690305378e-01
3.645828720869183637e-01
1.050980630843912911e+00
-7.221599476420213770e-02
-4.847296177672961170e-01
3.646115464151489793e-01
1.054687006823586293e+00
-7.416370712266974474e-02
-4.845370469372086153e-01
3.647244793985797151e-01
1.057374249748912698e+00
-7.557529227810744210e-02
-4.843974390165223798e-01
3.648338142772410420e-01
1.057374249748912698e+00
-7.557529227810744210e-02
-4.843974390165223798e-01
3.648338142772410420e-01
1.058352247510184974e+00
-7.608926853803986423e-02
-4.843646292811429332e-01
3.648364176660742753e-01
1.061442482259583153e+00
-7.771303924547065534e-02
-4.842609622250500512e-01
3.648462321891438598e-01
1.063682277583876790e+00
-7.888968915600466647e-02
-4.841858281008554754e-01
3.648551900595878306e-01
1.063682277583876790e+00
-7.888968915600466647e-02
-4.841858281008554754e-01
3.648551900595878306e-01
1.064464750278923066e+00
-7.930089378435500880e-02
-4.841692268750697470e-01
3.648690979361359776e-01
1.066937301016888329e+00
-8.060015836368421283e-02
-4.841167692895926855e-01
3.649198208790598308e-01
1.068729547795625345e+00
-8.154183648107635185e-02
-4.840787459227789413e-01
3.649641348250669548e-01
1.068729547795625345e+00
-8.154183648107635185e-02
-4.840787459227789413e-01
3.649641348250669548e-01
1.069903800401002858e+00
-8.215866151131237527e-02
-4.840488411367535604e-01
3.650120600986347941e-01
1.073615208032373314e+00
-8.410793821222350974e-02
-4.839543255066436345e-01
3.652000424339173490e-01
1.076306526883465509e+00
-8.552117186780598679e-02
-4.838857906456602853e-01
3.653810155447209107e-01
1.076306526883465509e+00
-8.552117186780598679e-02
-4.838857906456602853e-01
3.653810155447209107e-01
1.077286137963521018e+00
-8.603568223534979742e-02
-4.838691604144204073e-01
3.653962501791131467e-01
1.080381658580177096e+00
-8.766137192288239732e-02
-4.838166106938734390e-01
3.654533289608172253e-01
1.082625512500448250e+00
-8.883965791200038042e-02
-4.837785198184663127e-01
3.655049985491224396e-01
1.082625512500448250e+00
-8.883965791200038042e-02
-4.837785198184663127e-01
3.655049985491224396e-01
1.083605504085031201e+00
-8.935430411941731876e-02
-4.837653762916416245e-01
3.655361108922122182e-01
1.086702521045151526e+00
-9.098060602148369536e-02
-4.837238400766856738e-01
3.656527781510701125e-01
1.088947801372891488e+00
-9.215954236912934916e-02
-4.836937276513548767e-01
3.657585079938771577e-01
1.088947801372891488e+00
-9.215954236912934916e-02
-4.836937276513548767e-01
3.657585079938771577e-01
1.089928490836285180e+00
-9.267449841541750000e-02
-4.836830376571093493e-01
3.657859270014836572e-01
1.093027632448285269e+00
-9.430175715594139862e-02
-4.836492558939268771e-01
3.658883101658739201e-01
1.095274358363615530e+00
-9.548135655454366433e-02
-4.836247661444338375e-01
3.659805760257920926e-01
1.095274358363615530e+00
-9.548135655454366433e-02
-4.836247661444338375e-01
3.659805760257920926e-01
1.096255706369678506e+00
-9.599661168309304993e-02
-4.836160428892712360e-01
3.660034029555802038e-01
1.099356833098593667e+00
-9.762478130615583061e-02
-4.835884770697240209e-01
3.660883172220251169e-01
1.101604886969740571e+00
-9.880499801903927515e-02
-4.835684944378395023e-01
3.661644586261736389e-01
1.101604886969740571e+00
-9.880499801903927515e-02
-4.835684944378395023e-01
3.661644586261736389e-01
1.102586715193627720e+00
-9.932046923178744491e-02
-4.835614820662544333e-01
3.662038283127246885e-01
1.105689670956692794e+00
-1.009494992858732676e-01
-4.835393204379067056e-01
3.663503091538791168e-01
1.107939407613664828e+00
-1.021305404257414895e-01
-4.835232527491764021e-01
3.664816884635050953e-01
1.107939407613664828e+00
-1.021305404257414895e-01
-4.835232527491764021e-01
3.664816884635050953e-01
1.109118612873371212e+00
-1.027495725654913594e-01
-4.835150687427909877e-01
3.665051521365164655e-01
1.112844999276359825e+00
-1.047056845477566528e-01
-4.834892068350720717e-01
3.665945321129779888e-01
1.115546352693834953e+00
-1.061236436152983992e-01
-4.834704590920133604e-01
3.666772473039880964e-01
1.115546352693834953e+00
-1.061236436152983992e-01
-4.834704590920133604e-01
3.666772473039880964e-01
1.116332918936556728e+00
-1.065365542101597562e-01
-4.834674405610153158e-01
3.666471090690783252e-01
1.118817702779114631e+00
-1.078409299503806928e-01
-4.834579049721106636e-01
3.665401623434427214e-01
1.120618056861720113e+00
-1.087859985842844907e-01
-4.834509959758339082e-01
3.664500114647293305e-01
1.120618056861720113e+00
-1.087859985842844907e-01
-4.834509959758339082e-01
3.664500114647293305e-01
1.121600646345611629e+00
-1.093017881570026578e-01
-4.834472642738085191e-01
3.664617109236473769e-01
1.124705464407687483e+00
-1.109315660093214279e-01
-4.834354727689771924e-01
3.665048923485371701e-01
1.126955930335373113e+00
-1.121128490409221828e-01
-4.834269259756777126e-01
3.665432147549872455e-01
1.126955930335373113e+00
-1.121128490409221828e-01
-4.834269259756777126e-01
3.665432147549872455e-01
1.128135278884598636e+00
-1.127318877586623858e-01
-4.834225165829306170e-01
3.665164770173703901e-01
1.131860937022597380e+00
-1.146874379189309345e-01
-4.834085870190948930e-01
3.664154950589658677e-01
1.134560384308513026e+00
-1.161043018130474835e-01
-4.833984943361798181e-01
3.663231006420519797e-01
1.134560384308513026e+00
-1.161043018130474835e-01
-4.833984943361798181e-01
3.663231006420519797e-01
1.135542541930596672e+00
-1.166198246074596212e-01
-4.833960440728228836e-01
3.662180183767672625e-01
1.138643773481383459e+00
-1.182476038230618337e-01
-4.833883072151727855e-01
3.658367187632076689e-01
1.140889175042169024e+00
-1.194261545693528770e-01
-4.833827054756222874e-01
3.655057730859469500e-01
1.140889175042169024e+00
-1.194261545693528770e-01
-4.833827054756222874e-01
3.655057730859469500e-01
1.141868978366474163e+00
-1.199404320787199607e-01
-4.833807685604689652e-01
3.653145821911354951e-01
1.144961144544218268e+00
-1.215634271470446282e-01
-4.833746558532324156e-01
3.646242934168742456e-01
1.147198198670754454e+00
-1.227375818127419971e-01
-4.833702335750110213e-01
3.640290291941188361e-01
1.147198198670754454e+00
-1.227375818127419971e-01
-4.833702335750110213e-01
3.640290291941188361e-01
1.148173843912264402e+00
-1.232496685869416408e-01
-4.833686669988666029e-01
3.636880028621278238e-01
1.151250066577697018e+00
-1.248642723555124373e-01
-4.833637275714946502e-01
3.624691200688938686e-01
1.153472561216214443e+00
-1.260307715069281242e-01
-4.833601589655976971e-01
3.614316846167829334e-01
1.153472561216214443e+00
-1.260307715069281242e-01
-4.833601589655976971e-01
3.614316846167829334e-01
1.154440941729071968e+00
-1.265390379071094917e-01
-4.833588582087118279e-01
3.608642044259919857e-01
1.157490041288681271e+00
-1.281393847431956390e-01
-4.833547625752539489e-01
3.588724206070911804e-01
1.159688583254093519e+00
-1.292932990323730491e-01
-4.833518094393515763e-01
3.572164723918869189e-01
1.159688583254093519e+00
-1.292932990323730491e-01
-4.833518094393515763e-01
3.572164723918869189e-01
1.160645452135092182e+00
-1.297955170209471321e-01
-4.833507130975118193e-01
3.565001812153346106e-01
1.163655095825326669e+00
-1.313751366270182186e-01
-4.833472647730581717e-01
3.538648587971360282e-01
1.165820913607731768e+00
-1.325118637434777868e-01
-4.833447832730625171e-01
3.515342227870463243e-01
1.165820913607731768e+00
-1.325118637434777868e-01
-4.833447832730625171e-01
3.515342227870463243e-01
1.166762088965269450e+00
-1.330058410059428708e-01
-4.833439309569745324e-01
3.504360992061732460e-01
1.169715195549389186e+00
-1.345557766646585385e-01
-4.833412566647728448e-01
3.465317700758693831e-01
1.171833136024009292e+00
-1.356673698508304993e-01
-4.833393386896809307e-01
3.432291522121602156e-01
1.171833136024009292e+00
-1.356673698508304993e-01
-4.833393386896809307e-01
3.432291522121602156e-01
1.172750924703529263e+00
-1.361490715249743522e-01
-4.833387723127221536e-01
3.413680262526228582e-01
1.175614998631054897e+00
-1.376522773410153722e-01
-4.833370048639392680e-01
3.344108102653774450e-01
1.177649563307628489e+00
-1.387201122901081107e-01
-4.833357493146401840e-01
3.281194416473558473e-01
1.177649563307628489e+00
-1.387201122901081107e-01
-4.833357493146401840e-01
3.281194416473558473e-01
1.178698430785384943e+00
-1.392706084238364561e-01
-4.833352293802522515e-01
3.240502572155587457e-01
1.181916771552120604e+00
-1.409597441692516384e-01
-4.833336340165537148e-01
3.079938068897239978e-01
1.184130422623795198e+00
-1.421215679926637054e-01
-4.833325366883549634e-01
2.923086989523833168e-01
1.184130422623795198e+00
-1.421215679926637054e-01
-4.833325366883549634e-01
2.923086989523833168e-01
1.184906026265504009e+00
-1.425286426880260915e-01
-4.833323372674329099e-01
2.863314658555725645e-01
1.187241872197312365e+00
-1.437546075833291970e-01
-4.833317366817395655e-01
2.639464607319176315e-01
1.188801846136391838e+00
-1.445733563474405903e-01
-4.833313355860287541e-01
2.435652601114610682e-01
1.188801846136391838e+00
-1.445733563474405903e-01
-4.833313355860287541e-01
2.435652601114610682e-01
1.189443023760554441e+00
-1.449098782100602389e-01
-4.833312452647022250e-01
2.348835208796938856e-01
1.191303554468740478e+00
-1.458863767101784004e-01
-4.833309831757275910e-01
2.028846858902942640e-01
1.192463838135369159e+00
-1.464953506294096042e-01
-4.833308197290717700e-01
1.742903077939571832e-01
1.192463838135369159e+00
-1.464953506294096042e-01
-4.833308197290717700e-01
1.742903077939571832e-01
1.192915997963809760e+00
-1.467326669381731064e-01
-4.833307896725518860e-01
1.631883700157240047e-01
1.194135119773322318e+00
-1.473725235343188167e-01
-4.833307086336014469e-01
1.230053025087667201e-01
1.194785141040827670e+00
-1.477136874191578852e-01
-4.833306654245973499e-01
8.788150865198415818e-02
1.194785141040827670e+00
-1.477136874191578852e-01
-4.833306654245973499e-01
8.788150865198415818e-02
1.195002800442358293e+00
-1.478279262207413403e-01
-4.833306610810718662e-01
7.470261364739176624e-02
1.195443228167611283e+00
-1.480590852449971406e-01
-4.833306522920692294e-01
2.752408170856733560e-02
1.195490049726982029e+00
-1.480836595965378533e-01
-4.833306513577166341e-01
-1.318702263152740292e-02
1.195490049726982029e+00
-1.480836595965378533e-01
-4.833306513577166341e-01
-1.318702263152740292e-02
1.195445941084603891e+00
-1.480605091084697955e-01
-4.833306515149385918e-01
-2.774051486831020930e-02
1.195089439404959597e+00
-1.478733986595660854e-01
-4.833306527856622847e-01
-7.912144583890083627e-02
1.194596212082798203e+00
-1.476145275480821306e-01
-4.833306545437346391e-01
-1.225800927654205480e-01
1.194596212082798203e+00
-1.476145275480821306e-01
-4.833306545437346391e-01
-1.225800927654205480e-01
1.193985297202028173e+00
-1.472938876517975726e-01
-4.833306408545879895e-01
-1.573111368308640623e-01
1.191007858998389901e+00
-1.457311733197160508e-01
-4.833305741372934117e-01
-2.935267440702399311e-01
1.187456285410556811e+00
-1.438671232713564230e-01
-4.833304945549968257e-01
-4.355496420596782214e-01
1.187456285410556811e+00
-1.438671232713564230e-01
-4.833304945549968257e-01
-4.355496420596782214e-01
1.186186174732083654e+00
-1.432005036933191866e-01
-4.833304819823383003e-01
-4.998241876006056517e-01
1.180972495308259429e+00
-1.404640960317529719e-01
-4.833304303728119811e-01
-7.558226769027829306e-01
1.175514887183451540e+00
-1.375996624169880111e-01
-4.833303763486693772e-01
-1.034856431712886993e+00
1.175514887183451540e+00
-1.375996624169880111e-01
-4.833303763486693772e-01
-1.034856431712886993e+00
1.173071047004520695e+00
-1.363170096995680036e-01
-4.833303654286225659e-01
-1.179006282919029314e+00
1.163420973148476589e+00
-1.312521559937129267e-01
-4.833303223082667244e-01
-1.759002335817317242e+00
1.153031452422296210e+00
-1.257992033117626973e-01
-4.833302758837705881e-01
-2.518606724361808435e+00
1.153031452422296210e+00
-1.257992033117626973e-01
-4.833302758837705881e-01
-2.518606724361808435e+00
